-1.84787
-1.69402
-1.55843
-1.43646
-1.32473
-1.22089
-1.12325
-1.03059
-0.94197
-0.856661
-0.774047
-0.693586
-0.614735
-0.536923
-0.459475
-0.381539
-0.301927
-0.218916
-0.12981
-0.0301535
0.0878263
0.238041
0.443622
0.726345
1.05257
1.3303
1.5271
1.66502
1.76705
1.84694
1.91236
1.96769
-1.94997
-1.90797
-1.87074
-1.83758
-1.80796
-1.78154
-1.75803
-1.73725
-1.71905
-1.70331
-1.68994
-1.67888
-1.67007
-1.66348
-1.65909
-1.65686
-1.6568
-1.65891
-1.66319
-1.66966
-1.67835
-1.68928
-1.70253
-1.71813
-1.7362
-1.75683
-1.78017
-1.80641
-1.83582
-1.86874
-1.90565
-1.94726
1.97093
1.91635
1.85206
1.77398
1.67505
1.54266
1.35553
1.09046
0.768816
0.47816
0.263091
0.106394
-0.0155993
-0.117779
-0.208519
-0.292626
-0.372991
-0.451452
-0.529263
-0.60732
-0.686318
-0.766854
-0.849467
-0.934711
-1.02319
-1.11562
-1.21292
-1.31627
-1.4273
-1.5483
-1.68246
-1.8343
-1.69407
-1.55265
-1.429
-1.31774
-1.21549
-1.12005
-1.02991
-0.944031
-0.861645
-0.782145
-0.705034
-0.629866
-0.556192
-0.483523
-0.411269
-0.338655
-0.264562
-0.187275
-0.103944
-0.00946524
0.106168
0.264212
0.509378
0.888544
1.28717
1.55242
1.71463
1.82398
1.90537
1.97034
-1.94084
-1.89403
-1.85288
-1.81628
-1.78349
-1.754
-1.72747
-1.70366
-1.68237
-1.66346
-1.64685
-1.63244
-1.62018
-1.61001
-1.60191
-1.59584
-1.5918
-1.58976
-1.58972
-1.59168
-1.59564
-1.60162
-1.60964
-1.61972
-1.63189
-1.6462
-1.66271
-1.6815
-1.70267
-1.72634
-1.7527
-1.78199
-1.81453
-1.85081
-1.8915
-1.93767
1.97448
1.91108
1.83246
1.72841
1.57736
1.33478
0.958047
0.564395
0.297867
0.127803
0.00586375
-0.0921485
-0.177611
-0.256262
-0.331266
-0.404503
-0.477187
-0.550145
-0.624005
-0.699274
-0.776405
-0.855849
-0.938104
-1.02375
-1.11353
-1.20846
-1.30994
-1.42006
-1.542
-1.68076
-1.55853
-1.42903
-1.31551
-1.21277
-1.11776
-1.02856
-0.943923
-0.862983
-0.785112
-0.709829
-0.63673
-0.565447
-0.495617
-0.426839
-0.358608
-0.290253
-0.22078
-0.148608
-0.0710132
0.0172196
0.127249
0.286669
0.569733
1.06658
1.50343
1.73184
1.8625
1.95128
-1.94656
-1.89121
-1.84397
-1.80258
-1.76572
-1.73258
-1.70264
-1.67553
-1.651
-1.62888
-1.60904
-1.59136
-1.57579
-1.56226
-1.55072
-1.54115
-1.53351
-1.52779
-1.52397
-1.52205
-1.52202
-1.52388
-1.52764
-1.5333
-1.54087
-1.55038
-1.56185
-1.57531
-1.59081
-1.6084
-1.62815
-1.65016
-1.67455
-1.70151
-1.73125
-1.76413
-1.80064
-1.84152
-1.88799
-1.94208
1.95797
1.87358
1.75288
1.55046
1.16297
0.649715
0.327202
0.150125
0.0322158
-0.0600342
-0.139928
-0.213513
-0.283911
-0.352889
-0.421546
-0.490614
-0.560628
-0.632014
-0.705147
-0.780391
-0.858146
-0.93888
-1.0232
-1.11192
-1.20621
-1.30786
-1.41969
-1.5464
-1.43658
-1.31781
-1.2128
-1.11696
-1.02768
-0.943358
-0.862982
-0.785856
-0.711469
-0.639436
-0.56944
-0.501185
-0.434377
-0.368691
-0.303712
-0.238873
-0.173329
-0.105704
-0.0335373
0.0480621
0.150391
0.305259
0.623375
1.2629
1.69491
1.88114
-1.97873
-1.90485
-1.84683
-1.79821
-1.75594
-1.71835
-1.68451
-1.65382
-1.6259
-1.60049
-1.57739
-1.55649
-1.53768
-1.52089
-1.50606
-1.49316
-1.48215
-1.473
-1.4657
-1.46023
-1.45658
-1.45475
-1.45473
-1.45652
-1.46012
-1.46555
-1.4728
-1.4819
-1.49286
-1.50571
-1.52048
-1.5372
-1.55594
-1.57676
-1.59976
-1.62505
-1.65283
-1.68332
-1.71689
-1.75408
-1.79576
-1.84341
-1.89973
-1.97021
1.89765
1.73518
1.37874
0.735095
0.350525
0.172998
0.0620129
-0.0236852
-0.0980842
-0.167057
-0.233464
-0.298877
-0.364251
-0.430207
-0.497186
-0.565542
-0.635572
-0.707579
-0.781872
-0.858829
-0.93893
-1.02284
-1.1115
-1.20637
-1.30984
-1.42603
-1.32488
-1.21559
-1.11782
-1.0277
-0.943111
-0.862761
-0.785842
-0.711793
-0.64022
-0.570823
-0.503344
-0.437557
-0.373232
-0.310104
-0.247841
-0.185991
-0.123861
-0.0603031
0.00677767
0.0817006
0.174992
0.319895
0.668053
1.47602
1.86239
-1.95558
-1.86939
-1.80668
-1.75586
-1.71228
-1.67372
-1.63901
-1.60745
-1.57862
-1.55224
-1.52812
-1.50612
-1.48614
-1.46813
-1.45202
-1.43777
-1.42535
-1.41475
-1.40593
-1.39888
-1.39361
-1.39009
-1.38832
-1.3883
-1.39004
-1.39353
-1.39877
-1.40578
-1.41456
-1.42513
-1.43751
-1.45171
-1.46778
-1.48574
-1.50565
-1.52758
-1.55162
-1.57789
-1.60658
-1.63794
-1.67236
-1.71048
-1.75335
-1.80291
-1.86309
-1.94327
1.89375
1.59543
0.82232
0.367263
0.196126
0.0941408
0.0153596
-0.0537628
-0.118527
-0.181421
-0.243778
-0.306384
-0.36975
-0.43423
-0.50011
-0.567622
-0.637007
-0.708508
-0.782419
-0.859119
-0.939129
-1.0232
-1.11251
-1.20897
-1.31602
-1.22106
-1.12016
-1.02864
-0.943406
-0.862783
-0.785777
-0.711758
-0.640296
-0.57109
-0.503905
-0.438549
-0.374849
-0.31263
-0.25169
-0.191774
-0.132536
-0.0734331
-0.0135583
0.0487655
0.11709
0.200494
0.33051
0.699512
1.69798
-1.95573
-1.84101
-1.77015
-1.71618
-1.67101
-1.63138
-1.59577
-1.56334
-1.5336
-1.50626
-1.4811
-1.45802
-1.4369
-1.41768
-1.40031
-1.38474
-1.37096
-1.35894
-1.34865
-1.3401
-1.33327
-1.32815
-1.32473
-1.32302
-1.32301
-1.3247
-1.32809
-1.33319
-1.34
-1.34852
-1.35878
-1.37077
-1.38453
-1.40006
-1.4174
-1.43658
-1.45765
-1.48068
-1.50575
-1.53299
-1.5626
-1.59483
-1.63015
-1.66927
-1.71357
-1.76577
-1.83238
-1.93328
1.80172
0.915144
0.37678
0.219162
0.12772
0.0559962
-0.00807947
-0.0689745
-0.128725
-0.188391
-0.248597
-0.309739
-0.372092
-0.435874
-0.501265
-0.568443
-0.637602
-0.70896
-0.78281
-0.859552
-0.939765
-1.02436
-1.11483
-1.21389
-1.12344
-1.03004
-0.944015
-0.863046
-0.78588
-0.711777
-0.640268
-0.571052
-0.503894
-0.438634
-0.375124
-0.313247
-0.252872
-0.193859
-0.136023
-0.0791204
-0.0227522
0.0337321
0.091568
0.153429
0.226395
0.337091
0.709028
1.91567
-1.8242
-1.73664
-1.67818
-1.6313
-1.59074
-1.55437
-1.52118
-1.49064
-1.46241
-1.4363
-1.41219
-1.38997
-1.36959
-1.351
-1.33416
-1.31906
-1.30567
-1.29398
-1.28397
-1.27564
-1.26899
-1.264
-1.26067
-1.259
-1.25899
-1.26064
-1.26396
-1.26893
-1.27557
-1.28388
-1.29387
-1.30555
-1.31892
-1.334
-1.35081
-1.36938
-1.38973
-1.41192
-1.43599
-1.46204
-1.49019
-1.52062
-1.55362
-1.58969
-1.62971
-1.67548
-1.73121
-1.80979
-1.97545
1.02316
0.378476
0.241769
0.162033
0.0974141
0.038171
-0.0191243
-0.0760074
-0.133254
-0.191323
-0.250501
-0.310984
-0.372932
-0.436476
-0.501744
-0.568869
-0.63802
-0.709405
-0.783321
-0.860191
-0.940688
-1.02593
-1.11794
-1.0308
-0.94418
-0.863094
-0.785935
-0.71185
-0.640332
-0.571068
-0.503848
-0.438521
-0.374977
-0.313123
-0.25288
-0.194165
-0.136894
-0.0809476
-0.0261781
0.0276584
0.0809722
0.134537
0.190059
0.25218
0.339597
0.676335
-1.84844
-1.70495
-1.63987
-1.59172
-1.55079
-1.51412
-1.48051
-1.44941
-1.42048
-1.39356
-1.36852
-1.3453
-1.32383
-1.30409
-1.28605
-1.26968
-1.25498
-1.24193
-1.23052
-1.22076
-1.21262
-1.20612
-1.20124
-1.19799
-1.19636
-1.19636
-1.19798
-1.20122
-1.20609
-1.21258
-1.22071
-1.23046
-1.24186
-1.2549
-1.26959
-1.28595
-1.30399
-1.32372
-1.34517
-1.36838
-1.3934
-1.4203
-1.44918
-1.48021
-1.51369
-1.55011
-1.5905
-1.63726
-1.6976
-1.80732
1.18012
0.371726
0.263563
0.196478
0.138964
0.0843948
0.0304921
-0.0237206
-0.0787418
-0.134862
-0.192261
-0.251061
-0.311365
-0.373253
-0.436808
-0.502128
-0.56931
-0.638504
-0.709907
-0.783804
-0.860656
-0.941228
-1.02691
-0.942189
-0.861809
-0.78524
-0.711566
-0.640293
-0.571141
-0.503929
-0.438538
-0.374889
-0.312922
-0.252586
-0.193846
-0.136667
-0.0810064
-0.0268193
0.0259548
0.0774071
0.127704
0.177141
0.226397
0.277344
0.337948
0.549255
-1.66902
-1.59524
-1.54897
-1.50961
-1.47381
-1.44053
-1.40935
-1.38008
-1.35259
-1.32682
-1.30274
-1.28031
-1.25952
-1.24035
-1.22279
-1.20685
-1.1925
-1.17976
-1.16861
-1.15906
-1.1511
-1.14474
-1.13996
-1.13678
-1.13519
-1.13519
-1.13678
-1.13995
-1.14472
-1.15109
-1.15904
-1.16859
-1.17974
-1.19248
-1.20682
-1.22277
-1.24033
-1.25951
-1.28032
-1.30276
-1.32686
-1.35265
-1.38016
-1.40946
-1.44066
-1.47396
-1.50973
-1.54888
-1.59404
-1.65801
1.59391
0.356054
0.284121
0.23049
0.180131
0.130115
0.0794681
0.0277851
-0.0251442
-0.0794441
-0.13519
-0.192433
-0.251219
-0.311586
-0.373576
-0.437236
-0.502622
-0.569817
-0.638926
-0.710118
-0.783651
-0.859969
-0.939868
-0.856887
-0.782326
-0.709971
-0.639548
-0.570914
-0.503971
-0.438682
-0.375011
-0.312938
-0.252451
-0.193551
-0.136232
-0.0805018
-0.0263733
0.0261385
0.0770013
0.126162
0.173527
0.218917
0.261911
0.301338
0.331987
0.229204
-1.51148
-1.49304
-1.46271
-1.43103
-1.39977
-1.36954
-1.34056
-1.31294
-1.28677
-1.26206
-1.23884
-1.21714
-1.19697
-1.17832
-1.16122
-1.14566
-1.13165
-1.11919
-1.10828
-1.09893
-1.09113
-1.08489
-1.08021
-1.07709
-1.07553
-1.07553
-1.07709
-1.08021
-1.0849
-1.09114
-1.09894
-1.10829
-1.11921
-1.13168
-1.1457
-1.16127
-1.1784
-1.19706
-1.21727
-1.23901
-1.26227
-1.28705
-1.31332
-1.34105
-1.37021
-1.40071
-1.43239
-1.46491
-1.49722
-1.5246
-1.36977
0.33115
0.30288
0.263522
0.220419
0.174922
0.127463
0.0782303
0.027307
-0.0252557
-0.0794289
-0.135197
-0.19255
-0.251483
-0.311998
-0.374102
-0.437801
-0.503121
-0.570092
-0.63876
-0.709206
-0.781571
-0.856118
-0.77429
-0.705226
-0.636883
-0.569566
-0.503449
-0.438633
-0.375192
-0.313172
-0.252619
-0.193567
-0.136051
-0.0801098
-0.0257895
0.0268492
0.0777267
0.126716
0.173618
0.21808
0.259412
0.296062
0.323528
0.321442
-0.158315
-1.37278
-1.3968
-1.38021
-1.35537
-1.32827
-1.30083
-1.27388
-1.24782
-1.22286
-1.19915
-1.17675
-1.15574
-1.13615
-1.118
-1.10133
-1.08613
-1.07243
-1.06024
-1.04956
-1.04039
-1.03275
-1.02663
-1.02204
-1.01898
-1.01745
-1.01746
-1.01899
-1.02206
-1.02665
-1.03278
-1.04043
-1.0496
-1.0603
-1.07251
-1.08623
-1.10145
-1.11816
-1.13634
-1.15598
-1.17706
-1.19954
-1.22336
-1.24847
-1.27475
-1.30202
-1.32995
-1.35793
-1.38453
-1.40575
-1.40409
-1.05191
0.297007
0.319206
0.29501
0.259364
0.218432
0.174155
0.127345
0.0783964
0.0275356
-0.0251042
-0.0794363
-0.135398
-0.192945
-0.252035
-0.312641
-0.374721
-0.438244
-0.503165
-0.569421
-0.636931
-0.705557
-0.775052
-0.693836
-0.63007
-0.565617
-0.501327
-0.437677
-0.374951
-0.31333
-0.252947
-0.193897
-0.136266
-0.0801275
-0.0255563
0.0273577
0.0785072
0.127744
0.174851
0.219469
0.260983
0.298173
0.328247
0.343134
0.305838
-0.352734
-1.24933
-1.30534
-1.30077
-1.28217
-1.25893
-1.23415
-1.20913
-1.18455
-1.16077
-1.13801
-1.11641
-1.09606
-1.07703
-1.05937
-1.04311
-1.02827
-1.01488
-1.00295
-0.992487
-0.983505
-0.976012
-0.970012
-0.96551
-0.962508
-0.961009
-0.961013
-0.962522
-0.965533
-0.970046
-0.976058
-0.983566
-0.992563
-1.00304
-1.015
-1.02842
-1.0433
-1.0596
-1.07732
-1.09642
-1.11685
-1.13857
-1.16148
-1.18548
-1.21037
-1.23584
-1.26136
-1.28588
-1.3071
-1.31859
-1.29397
-0.919592
0.253956
0.332237
0.324291
0.296468
0.260248
0.219222
0.174867
0.127915
0.0787657
0.0276605
-0.0252373
-0.0798156
-0.135982
-0.193662
-0.252782
-0.313264
-0.375018
-0.437929
-0.501833
-0.566488
-0.631495
-0.696156
-0.614996
-0.55641
-0.495805
-0.434539
-0.37337
-0.312749
-0.252974
-0.194251
-0.136736
-0.080556
-0.0258267
0.0273382
0.0788065
0.128423
0.175971
0.221126
0.263374
0.30181
0.334643
0.357768
0.359197
0.284438
-0.423597
-1.13798
-1.21773
-1.22379
-1.21103
-1.19147
-1.16925
-1.14612
-1.123
-1.10038
-1.07857
-1.05776
-1.03808
-1.01962
-1.00244
-0.98659
-0.97211
-0.959025
-0.947353
-0.937114
-0.928317
-0.920974
-0.915093
-0.910678
-0.907735
-0.906266
-0.906272
-0.907754
-0.910711
-0.91514
-0.921038
-0.9284
-0.937219
-0.947485
-0.959188
-0.972311
-0.986838
-1.00274
-1.01999
-1.03854
-1.05834
-1.0793
-1.10132
-1.12421
-1.14773
-1.17145
-1.19464
-1.21588
-1.23209
-1.23491
-1.19216
-0.830827
0.202868
0.340816
0.350571
0.331123
0.299901
0.262293
0.220507
0.175628
0.128247
0.0787263
0.0273016
-0.0258545
-0.0806113
-0.136847
-0.194458
-0.253315
-0.31328
-0.37417
-0.435713
-0.497526
-0.558969
-0.618917
-0.537195
-0.483757
-0.427041
-0.368871
-0.310262
-0.251829
-0.193982
-0.137001
-0.0810991
-0.0264483
0.02679
0.0784641
0.128401
0.176386
0.222127
0.265196
0.304898
0.340014
0.368126
0.383662
0.370396
0.256318
-0.443995
-1.0362
-1.13314
-1.14874
-1.14153
-1.12559
-1.1059
-1.08468
-1.06303
-1.0416
-1.02076
-1.00076
-0.981762
-0.963885
-0.947207
-0.931789
-0.91768
-0.904912
-0.893512
-0.883502
-0.874897
-0.86771
-0.861951
-0.857628
-0.854746
-0.853307
-0.853315
-0.85477
-0.85767
-0.862012
-0.867792
-0.875002
-0.883635
-0.893678
-0.905117
-0.917933
-0.9321
-0.947588
-0.964354
-0.982346
-1.00149
-1.02167
-1.04277
-1.06455
-1.08669
-1.10866
-1.12954
-1.14757
-1.159
-1.15398
-1.0971
-0.759656
0.144998
0.343375
0.372754
0.36256
0.336801
0.302901
0.263888
0.221235
0.17575
0.127918
0.0780624
0.0264124
-0.0268501
-0.0815687
-0.137591
-0.194751
-0.252854
-0.311642
-0.370759
-0.429674
-0.487519
-0.542805
-0.459754
-0.411516
-0.358829
-0.303911
-0.248021
-0.191939
-0.136171
-0.081081
-0.0269369
0.0260363
0.07764
0.127676
0.175922
0.222101
0.265844
0.306592
0.343456
0.374852
0.397653
0.404638
0.374873
0.22027
-0.442396
-0.942054
-1.05086
-1.07507
-1.07325
-1.06094
-1.04386
-1.02461
-1.00451
-0.984327
-0.964514
-0.945374
-0.927105
-0.909848
-0.893704
-0.878748
-0.865036
-0.852609
-0.8415
-0.831737
-0.823338
-0.816318
-0.810692
-0.806468
-0.80365
-0.802245
-0.802255
-0.80368
-0.806518
-0.810765
-0.816418
-0.823465
-0.831898
-0.841701
-0.852856
-0.86534
-0.879123
-0.894166
-0.910417
-0.927809
-0.946253
-0.965623
-0.985744
-1.00635
-1.02706
-1.04722
-1.06573
-1.08056
-1.08735
-1.07517
-1.00752
-0.69825
0.0820245
0.337667
0.389284
0.389664
0.370116
0.340409
0.304509
0.264345
0.220965
0.175005
0.12688
0.0768904
0.0252661
-0.0277919
-0.0820856
-0.137403
-0.193496
-0.250043
-0.306589
-0.362467
-0.416608
-0.467188
-0.381827
-0.33892
-0.290498
-0.239095
-0.1862
-0.132729
-0.0792963
-0.0263405
0.0258048
0.0768663
0.126597
0.174749
0.221043
0.265136
0.306558
0.34461
0.378161
0.405204
0.421769
0.418702
0.369916
0.175042
-0.430714
-0.854066
-0.970144
-1.00216
-1.00569
-0.997124
-0.98281
-0.965673
-0.947249
-0.928426
-0.909743
-0.89155
-0.874087
-0.857523
-0.841975
-0.827532
-0.814264
-0.802218
-0.791438
-0.781951
-0.773783
-0.766952
-0.761474
-0.757359
-0.754615
-0.753247
-0.753258
-0.75465
-0.757417
-0.761558
-0.767067
-0.773931
-0.782138
-0.791672
-0.80251
-0.814624
-0.827976
-0.842522
-0.8582
-0.874929
-0.892601
-0.911072
-0.930125
-0.949461
-0.968608
-0.986834
-1.00286
-1.01438
-1.01658
-0.99784
-0.922419
-0.643567
0.0158481
0.320466
0.397813
0.410772
0.398608
0.373849
0.341608
0.304354
0.263428
0.219637
0.173516
0.125433
0.0756863
0.024524
-0.0278075
-0.0810493
-0.134897
-0.188956
-0.242681
-0.295283
-0.345515
-0.391283
-0.302224
-0.264848
-0.221048
-0.173584
-0.124104
-0.0736604
-0.0229675
0.0274578
0.07722
0.125987
0.173457
0.219327
0.263252
0.304798
0.343378
0.378116
0.407584
0.429245
0.438094
0.422678
0.351437
0.119452
-0.414587
-0.771091
-0.890214
-0.929233
-0.938155
-0.933577
-0.922284
-0.907508
-0.890979
-0.873712
-0.856326
-0.839231
-0.822705
-0.806943
-0.792092
-0.778252
-0.765503
-0.753906
-0.743507
-0.734346
-0.726451
-0.719842
-0.714538
-0.710553
-0.707894
-0.706571
-0.706582
-0.707933
-0.710618
-0.714634
-0.719972
-0.72662
-0.734561
-0.743778
-0.754242
-0.76592
-0.77877
-0.792736
-0.807745
-0.823703
-0.840485
-0.857916
-0.875748
-0.893633
-0.911033
-0.927107
-0.940431
-0.948451
-0.946015
-0.921236
-0.840958
-0.594136
-0.0515755
0.287095
0.394545
0.423139
0.420222
0.401651
0.373957
0.340299
0.30239
0.261262
0.217579
0.171812
0.124327
0.0754401
0.0254444
-0.0253429
-0.0765595
-0.127741
-0.178263
-0.22722
-0.273222
-0.314013
-0.219224
-0.18758
-0.148908
-0.105995
-0.0605872
-0.013832
0.0334658
0.08072
0.127461
0.173298
0.217864
0.260783
0.301626
0.339855
0.374717
0.405101
0.429186
0.443749
0.442446
0.411131
0.313176
0.0531811
-0.397046
-0.692213
-0.810089
-0.855184
-0.869639
-0.869443
-0.861593
-0.849575
-0.835297
-0.819895
-0.804081
-0.788323
-0.772948
-0.758178
-0.744184
-0.731089
-0.718986
-0.707946
-0.698027
-0.689271
-0.681714
-0.675382
-0.670297
-0.666471
-0.66392
-0.662648
-0.662662
-0.663963
-0.666542
-0.6704
-0.675525
-0.681902
-0.689513
-0.698332
-0.708332
-0.719469
-0.731694
-0.74494
-0.759126
-0.774137
-0.789828
-0.805993
-0.822357
-0.838508
-0.853845
-0.867418
-0.877672
-0.881862
-0.87466
-0.844508
-0.762396
-0.549313
-0.11835
0.231105
0.373001
0.421901
0.431303
0.420997
0.39936
0.37047
0.336541
0.298894
0.258386
0.215618
0.171045
0.12506
0.078021
0.0303023
-0.0176675
-0.0653618
-0.112079
-0.156834
-0.198167
-0.233778
-0.130125
-0.104276
-0.0713508
-0.0338799
0.00643502
0.0484256
0.091235
0.134209
0.176822
0.218606
0.259115
0.297887
0.334374
0.367878
0.397432
0.421576
0.437942
0.442361
0.426793
0.374165
0.245989
-0.0227293
-0.379901
-0.616622
-0.728545
-0.778399
-0.798525
-0.803281
-0.799539
-0.790918
-0.779478
-0.766466
-0.752687
-0.738679
-0.724812
-0.711353
-0.698499
-0.686395
-0.675154
-0.66486
-0.65558
-0.647369
-0.640266
-0.634306
-0.629512
-0.625904
-0.623493
-0.622295
-0.622309
-0.623537
-0.625976
-0.62962
-0.634457
-0.640468
-0.647633
-0.655922
-0.665296
-0.67571
-0.687101
-0.699394
-0.712486
-0.72625
-0.740512
-0.755039
-0.769504
-0.783452
-0.796204
-0.806724
-0.813342
-0.813214
-0.8011
-0.76646
-0.686067
-0.508766
-0.18279
0.144864
0.321741
0.397672
0.42461
0.426283
0.413444
0.391457
0.363258
0.330596
0.294604
0.256059
0.215555
0.17358
0.130573
0.0869784
0.0432862
7.43643e-05
-0.0419063
-0.0816566
-0.11776
-0.148111
-0.030467
-0.00982443
0.0168326
0.0476534
0.0812729
0.116656
0.15299
0.189615
0.225954
0.261473
0.295629
0.327831
0.357358
0.383278
0.404276
0.418372
0.422395
0.410908
0.37404
0.293402
0.138923
-0.105189
-0.364397
-0.543667
-0.643829
-0.69622
-0.721958
-0.732445
-0.733848
-0.729694
-0.722097
-0.712405
-0.701496
-0.689986
-0.678294
-0.666739
-0.655546
-0.644897
-0.634923
-0.625728
-0.617393
-0.609987
-0.603558
-0.598146
-0.593783
-0.590495
-0.588295
-0.5872
-0.58721
-0.588333
-0.590561
-0.593884
-0.59829
-0.603758
-0.61026
-0.61776
-0.626212
-0.635559
-0.645726
-0.656624
-0.668129
-0.680089
-0.692305
-0.704503
-0.716317
-0.727231
-0.736508
-0.743046
-0.745144
-0.740035
-0.722982
-0.685406
-0.611233
-0.472404
-0.243531
0.0237132
0.221114
0.330746
0.383891
0.404611
0.406073
0.395362
0.3765
0.351917
0.323172
0.291341
0.257217
0.221432
0.184531
0.147034
0.109476
0.0724497
0.036668
0.00301105
-0.0273587
-0.0528802
0.0875255
0.105787
0.126802
0.149884
0.174433
0.199898
0.22576
0.251523
0.276669
0.300651
0.322833
0.34245
0.358524
0.369737
0.374245
0.36934
0.350923
0.312757
0.245697
0.138798
-0.0124951
-0.189285
-0.351387
-0.472652
-0.553326
-0.603947
-0.634339
-0.65136
-0.6595
-0.661682
-0.659837
-0.65529
-0.648956
-0.641497
-0.633392
-0.625004
-0.61661
-0.608419
-0.600596
-0.593273
-0.586555
-0.580525
-0.575246
-0.570775
-0.56715
-0.564406
-0.562564
-0.561638
-0.561642
-0.562572
-0.564427
-0.567193
-0.570854
-0.575383
-0.580742
-0.586888
-0.593763
-0.601294
-0.609389
-0.617938
-0.626792
-0.635774
-0.644645
-0.6531
-0.660735
-0.667002
-0.671144
-0.6721
-0.668319
-0.657499
-0.636121
-0.598744
-0.537125
-0.44024
-0.299521
-0.124762
0.0466682
0.179768
0.26783
0.320338
0.348119
0.359111
0.35854
0.349818
0.335216
0.316307
0.294223
0.269817
0.243763
0.216632
0.188929
0.161137
0.133734
0.107228
0.0821792
0.0592285
0.237794
0.263852
0.286181
0.304632
0.319123
0.329606
0.336051
0.338432
0.336678
0.330643
0.320044
0.304415
0.283055
0.255016
0.21911
0.174046
0.118703
0.0526812
-0.0229859
-0.105263
-0.189267
-0.269522
-0.341548
-0.402877
-0.45297
-0.492595
-0.523127
-0.54608
-0.562874
-0.574737
-0.582698
-0.587597
-0.590115
-0.590803
-0.590119
-0.588424
-0.586021
-0.583157
-0.580035
-0.576825
-0.573663
-0.570667
-0.567932
-0.565533
-0.563532
-0.561976
-0.560903
-0.560337
-0.560291
-0.560771
-0.56177
-0.563274
-0.565256
-0.567678
-0.570492
-0.573636
-0.577031
-0.580584
-0.58418
-0.587681
-0.590919
-0.593696
-0.595766
-0.596835
-0.596538
-0.594434
-0.589976
-0.582484
-0.571117
-0.554836
-0.532378
-0.502246
-0.462789
-0.412413
-0.350055
-0.275952
-0.192491
-0.104443
-0.0179728
0.0612617
0.129679
0.186027
0.230723
0.264988
0.290242
0.307782
0.318683
0.323752
0.32359
0.318626
0.309176
0.295473
0.277705
0.256049
0.230678
0.20179
0.443529
0.509197
0.569438
0.622931
0.667371
0.698445
0.707281
0.673254
0.54319
0.219581
-0.164223
-0.354837
-0.424352
-0.444137
-0.442296
-0.430503
-0.414322
-0.396762
-0.379645
-0.364172
-0.351215
-0.341451
-0.335407
-0.333508
-0.336067
-0.34325
-0.355061
-0.371291
-0.391498
-0.415002
-0.440917
-0.46822
-0.495877
-0.522915
-0.548537
-0.572156
-0.59341
-0.612131
-0.628309
-0.642041
-0.653493
-0.662861
-0.67035
-0.676159
-0.68046
-0.683401
-0.685102
-0.685644
-0.685081
-0.683434
-0.680689
-0.67681
-0.671728
-0.665354
-0.657582
-0.648291
-0.637365
-0.624699
-0.610225
-0.593929
-0.575883
-0.556263
-0.535381
-0.513688
-0.491762
-0.470287
-0.450003
-0.431634
-0.415844
-0.403176
-0.394019
-0.388599
-0.386991
-0.389122
-0.394789
-0.403656
-0.415274
-0.429018
-0.444037
-0.459115
-0.472373
-0.480658
-0.478212
-0.453144
-0.378089
-0.189994
0.161316
0.4664
0.601635
0.64263
0.639253
0.612385
0.571315
0.520642
0.46285
0.399376
0.726538
0.888884
1.06719
1.26392
1.47755
1.69998
1.91795
-1.84609
-1.66678
-1.50943
-1.37094
-1.24771
-1.13655
-1.03495
-0.940959
-0.853114
-0.770271
-0.691504
-0.616043
-0.543198
-0.472296
-0.402634
-0.333386
-0.263526
-0.191662
-0.115755
-0.0326948
0.0625616
0.178421
0.328713
0.532158
0.795268
1.07548
1.30772
1.47507
1.59367
1.68058
1.74685
1.79907
1.84115
1.87554
1.9038
1.92694
1.94568
1.96048
1.97168
1.97951
-1.98141
-1.97997
-1.98166
1.97897
1.9708
1.95917
1.94377
1.92416
1.89967
1.86927
1.83131
1.78305
1.71965
1.63198
1.50189
1.29471
0.975574
0.616561
0.350318
0.178348
0.0591632
-0.032724
-0.11009
-0.179554
-0.244793
-0.308019
-0.370646
-0.433669
-0.497826
-0.563736
-0.631949
-0.703014
-0.777538
-0.856225
-0.939936
-1.02981
-1.12736
-1.23465
-1.35454
-1.49091
-1.64865
-1.83272
1.92049
1.68648
1.44758
1.2224
1.02059
0.842055
0.682231
1.05301
1.28783
1.50428
1.69588
1.86342
-1.95469
-1.82315
-1.70392
-1.59423
-1.49206
-1.39585
-1.30442
-1.21684
-1.13229
-1.05004
-0.969364
-0.88947
-0.809398
-0.727906
-0.643252
-0.552833
-0.452572
-0.335797
-0.191537
-0.00349217
0.242348
0.527646
0.791305
0.994262
1.14215
1.25231
1.33785
1.4069
1.46432
1.51313
1.55523
1.59189
1.62396
1.65204
1.67656
1.69784
1.71611
1.73155
1.74428
1.7544
1.76199
1.7671
1.76975
1.76996
1.76773
1.76305
1.75588
1.74617
1.73385
1.71881
1.70093
1.68002
1.65583
1.62805
1.5962
1.55966
1.51749
1.46833
1.41007
1.33933
1.25052
1.13417
0.974855
0.753595
0.471702
0.184437
-0.0489933
-0.223352
-0.357311
-0.466887
-0.562053
-0.64874
-0.730554
-0.809802
-0.888048
-0.966422
-1.0458
-1.12695
-1.21056
-1.29736
-1.38818
-1.484
-1.58606
-1.69604
-1.81616
-1.94949
1.86547
1.69289
1.49409
1.26908
1.02694
1.33074
1.55296
1.73244
1.88178
-1.95493
-1.84034
-1.73597
-1.6392
-1.54831
-1.46205
-1.37955
-1.30011
-1.22313
-1.14808
-1.07442
-1.00152
-0.928591
-0.854557
-0.777778
-0.695607
-0.603365
-0.492054
-0.342801
-0.115507
0.242316
0.649407
0.934321
1.10759
1.22219
1.30605
1.37209
1.42672
1.47338
1.51405
1.54996
1.5819
1.61041
1.63584
1.65847
1.67848
1.69603
1.71121
1.72412
1.7348
1.74332
1.7497
1.75397
1.75615
1.75623
1.75423
1.75013
1.74392
1.73557
1.72505
1.71232
1.6973
1.67992
1.66007
1.6376
1.61232
1.58396
1.55214
1.51633
1.47572
1.42906
1.3743
1.3079
1.2232
1.10664
0.928792
0.634605
0.221707
-0.129134
-0.349468
-0.494793
-0.603878
-0.694734
-0.775961
-0.852049
-0.925551
-0.998043
-1.07058
-1.14393
-1.2187
-1.29544
-1.37469
-1.45702
-1.54316
-1.63401
-1.73083
-1.83541
-1.95045
1.88537
1.73441
1.55204
1.32516
1.52742
1.71502
1.86292
-1.97828
-1.86892
-1.76967
-1.67769
-1.59123
-1.5091
-1.43051
-1.35485
-1.28165
-1.21049
-1.14099
-1.07271
-1.00513
-0.937588
-0.86906
-0.797931
-0.72134
-0.633698
-0.522459
-0.354407
-0.0323358
0.527286
0.934095
1.13101
1.24537
1.32486
1.38652
1.43752
1.48136
1.51992
1.55432
1.58523
1.61311
1.63826
1.6609
1.68119
1.69924
1.71513
1.72894
1.7407
1.75047
1.75825
1.76409
1.76799
1.76996
1.77
1.76813
1.76432
1.75858
1.75089
1.74122
1.72955
1.71584
1.70005
1.6821
1.66191
1.63937
1.61433
1.58657
1.55578
1.52153
1.48312
1.43948
1.38874
1.32746
1.24862
1.13559
0.942003
0.542596
-0.0192529
-0.34749
-0.517859
-0.629969
-0.717988
-0.794741
-0.865934
-0.934468
-1.00199
-1.06952
-1.13774
-1.20718
-1.27826
-1.35138
-1.42695
-1.50545
-1.58748
-1.67384
-1.76571
-1.86485
-1.97411
1.86716
1.71924
1.5314
1.66523
1.82426
1.95158
-1.90451
-1.80632
-1.7158
-1.63092
-1.55039
-1.47339
-1.39935
-1.32784
-1.25849
-1.19102
-1.12512
-1.06046
-0.996632
-0.933065
-0.868902
-0.802708
-0.73183
-0.650682
-0.545311
-0.370409
0.0629557
0.790517
1.1072
1.24524
1.32998
1.39255
1.44339
1.48691
1.52525
1.55961
1.59068
1.6189
1.64457
1.66788
1.68897
1.70794
1.72488
1.73984
1.75286
1.76397
1.7732
1.78058
1.7861
1.78979
1.79164
1.79167
1.78987
1.78624
1.78078
1.77347
1.76429
1.75324
1.74028
1.72539
1.70852
1.68961
1.66859
1.64536
1.61979
1.59167
1.56072
1.52653
1.4884
1.4452
1.39486
1.33322
1.25052
1.1183
0.824502
0.115861
-0.351711
-0.536579
-0.645196
-0.727717
-0.799292
-0.865867
-0.930252
-0.993949
-1.05785
-1.12255
-1.18845
-1.25591
-1.32521
-1.39667
-1.47064
-1.54754
-1.62793
-1.71265
-1.80292
-1.90076
1.95586
1.82943
1.67204
1.76718
1.90557
-1.94632
-1.84656
-1.75557
-1.6707
-1.59041
-1.51378
-1.44018
-1.36918
-1.30046
-1.23376
-1.16884
-1.10549
-1.04343
-0.982357
-0.921808
-0.861084
-0.798989
-0.73324
-0.6588
-0.562022
-0.390381
0.178709
0.993214
1.22173
1.32466
1.39247
1.44525
1.4897
1.52871
1.5637
1.59546
1.62445
1.65097
1.67523
1.69736
1.71746
1.73559
1.75181
1.76616
1.77867
1.78936
1.79824
1.80534
1.81066
1.81421
1.816
1.81602
1.81427
1.81076
1.80547
1.79841
1.78957
1.77892
1.76645
1.75215
1.73597
1.71789
1.69784
1.67577
1.65158
1.62513
1.59624
1.56461
1.5298
1.49106
1.44704
1.39508
1.32903
1.23121
1.02623
0.289587
-0.362356
-0.551498
-0.652899
-0.729148
-0.795786
-0.858365
-0.919381
-0.980113
-1.0413
-1.10342
-1.16681
-1.23173
-1.29841
-1.36709
-1.43803
-1.51154
-1.58805
-1.66816
-1.75278
-1.84338
-1.94252
1.91046
1.77422
1.84701
1.97048
-1.89103
-1.798
-1.71204
-1.63112
-1.55409
-1.48022
-1.40905
-1.34024
-1.27355
-1.20878
-1.14576
-1.0843
-1.02421
-0.965253
-0.907061
-0.84909
-0.790386
-0.729089
-0.660966
-0.573824
-0.413622
0.328429
1.14099
1.30555
1.38626
1.44326
1.48965
1.52987
1.56586
1.59857
1.62854
1.6561
1.68145
1.70473
1.72603
1.74543
1.76297
1.77868
1.7926
1.80475
1.81513
1.82378
1.83068
1.83586
1.83931
1.84105
1.84106
1.83935
1.83592
1.83077
1.82389
1.81527
1.80491
1.79279
1.7789
1.76322
1.74572
1.72636
1.70509
1.68186
1.65656
1.62908
1.5992
1.56662
1.53084
1.49095
1.44519
1.38954
1.31269
1.16657
0.512624
-0.379495
-0.56313
-0.655376
-0.725379
-0.787566
-0.846757
-0.905022
-0.963395
-1.02247
-1.08263
-1.14412
-1.20716
-1.27193
-1.33859
-1.40735
-1.47844
-1.5522
-1.62908
-1.70975
-1.79535
-1.88779
1.97478
1.85343
1.91239
-1.94074
-1.84383
-1.75576
-1.67352
-1.59555
-1.52094
-1.44915
-1.3798
-1.31266
-1.24752
-1.18423
-1.12266
-1.06268
-1.00414
-0.946854
-0.890557
-0.834833
-0.77896
-0.721503
-0.659118
-0.581728
-0.439293
0.530457
1.25112
1.37156
1.43723
1.48675
1.52863
1.56582
1.59962
1.63067
1.65933
1.68584
1.71032
1.73288
1.75357
1.77244
1.78954
1.80487
1.81847
1.83035
1.84051
1.84897
1.85573
1.8608
1.86418
1.86588
1.86588
1.86421
1.86084
1.85579
1.84904
1.8406
1.83045
1.8186
1.80502
1.7897
1.77263
1.75377
1.73311
1.71059
1.68614
1.65968
1.63108
1.60012
1.56646
1.5295
1.48806
1.43951
1.37656
1.26899
0.771035
-0.402892
-0.571945
-0.65422
-0.718317
-0.77658
-0.832888
-0.88887
-0.945333
-1.00273
-1.06133
-1.12135
-1.18293
-1.24622
-1.31134
-1.37845
-1.44772
-1.51942
-1.59389
-1.67165
-1.75357
-1.84112
-1.9371
1.91793
1.96769
-1.89396
-1.80246
-1.7182
-1.63883
-1.56314
-1.49042
-1.42025
-1.35234
-1.2865
-1.22258
-1.16047
-1.10007
-1.04127
-0.983976
-0.92805
-0.873304
-0.819449
-0.765964
-0.711816
-0.654562
-0.586591
-0.466375
0.791143
1.33667
1.42617
1.48105
1.52506
1.56358
1.5985
1.63064
1.66042
1.68809
1.71378
1.73759
1.75959
1.7798
1.79828
1.81502
1.83007
1.84341
1.85508
1.86507
1.87338
1.88003
1.88502
1.88834
1.89001
1.89001
1.88836
1.88504
1.88007
1.87343
1.86512
1.85514
1.84349
1.83015
1.81512
1.79838
1.77992
1.75972
1.73775
1.71395
1.68829
1.66066
1.63093
1.59888
1.56411
1.52586
1.48246
1.42934
1.34807
1.01693
-0.431964
-0.578385
-0.650549
-0.709222
-0.764028
-0.81787
-0.871941
-0.92682
-0.982833
-1.04018
-1.09902
-1.15944
-1.22155
-1.28545
-1.35125
-1.41911
-1.4892
-1.5618
-1.63733
-1.71643
-1.80024
-1.89093
1.97234
-1.95
-1.85284
-1.76562
-1.68438
-1.60729
-1.53342
-1.46221
-1.39334
-1.3266
-1.26181
-1.19888
-1.13773
-1.07827
-1.02045
-0.96418
-0.909381
-0.855932
-0.803645
-0.752196
-0.700916
-0.648226
-0.589075
-0.493818
1.06926
1.40573
1.47282
1.5196
1.5594
1.59532
1.62845
1.65929
1.68807
1.71494
1.73999
1.76326
1.78481
1.80465
1.82279
1.83927
1.85407
1.86722
1.87872
1.88856
1.89677
1.90333
1.90824
1.91152
1.91316
1.91317
1.91153
1.90826
1.90334
1.89679
1.88859
1.87874
1.86726
1.85411
1.83931
1.82284
1.8047
1.78487
1.76333
1.74005
1.71502
1.68816
1.6594
1.6286
1.59553
1.55975
1.52027
1.47445
1.41192
1.21314
-0.465659
-0.582849
-0.64516
-0.698913
-0.750685
-0.802406
-0.854854
-0.908407
-0.963274
-1.01959
-1.07744
-1.13691
-1.19806
-1.26097
-1.32573
-1.39244
-1.46124
-1.53236
-1.60609
-1.68295
-1.76383
-1.85039
-1.9462
-1.90801
-1.81625
-1.73251
-1.65371
-1.57848
-1.50609
-1.43613
-1.36832
-1.30253
-1.23861
-1.17651
-1.11615
-1.05748
-1.00046
-0.945051
-0.891202
-0.838849
-0.7879
-0.738193
-0.689407
-0.640765
-0.589743
-0.520684
1.30123
1.46316
1.51348
1.55397
1.59045
1.6243
1.656
1.68578
1.71374
1.73997
1.76449
1.78733
1.80851
1.82804
1.84592
1.86217
1.87678
1.88976
1.90112
1.91085
1.91896
1.92545
1.93031
1.93355
1.93517
1.93517
1.93355
1.93031
1.92545
1.91896
1.91086
1.90112
1.88977
1.87678
1.86217
1.84592
1.82803
1.8085
1.78732
1.76448
1.73995
1.71371
1.68573
1.65595
1.62425
1.59042
1.55401
1.51382
1.4652
1.35839
-0.502558
-0.585688
-0.638664
-0.687976
-0.737083
-0.786968
-0.838026
-0.890452
-0.944348
-0.999788
-1.05682
-1.1155
-1.17586
-1.23796
-1.30185
-1.36761
-1.43536
-1.50526
-1.57753
-1.65259
-1.73109
-1.81431
-1.905
-1.87081
-1.78347
-1.70257
-1.6258
-1.55212
-1.48096
-1.41202
-1.34511
-1.28011
-1.21693
-1.15551
-1.09581
-1.03781
-0.981476
-0.926794
-0.873751
-0.822335
-0.772532
-0.724334
-0.677724
-0.632662
-0.589044
-0.54617
1.46925
1.51199
1.54939
1.58488
1.61866
1.65081
1.68133
1.71024
1.73754
1.76323
1.78732
1.8098
1.83067
1.84994
1.8676
1.88366
1.89811
1.91096
1.9222
1.93184
1.93987
1.94629
1.95111
1.95432
1.95593
1.95593
1.95432
1.9511
1.94628
1.93986
1.93182
1.92218
1.91094
1.89809
1.88363
1.86756
1.84989
1.83061
1.80972
1.78723
1.76313
1.73741
1.71007
1.68112
1.65054
1.6183
1.58437
1.54864
1.51067
1.46622
-0.541041
-0.587223
-0.631493
-0.676826
-0.723589
-0.771874
-0.821737
-0.873195
-0.926265
-0.980966
-1.03731
-1.09532
-1.15501
-1.21642
-1.27959
-1.34457
-1.41144
-1.48032
-1.55139
-1.62494
-1.70149
-1.78198
-1.86848
-1.83765
-1.754
-1.67548
-1.6004
-1.528
-1.45788
-1.38981
-1.32366
-1.25933
-1.19676
-1.13592
-1.0768
-1.01936
-0.963607
-0.909548
-0.857194
-0.806585
-0.757772
-0.710883
-0.66617
-0.624275
-0.587334
-0.569693
1.58854
1.55411
1.58133
1.61275
1.64432
1.67506
1.7046
1.73279
1.75952
1.78477
1.80849
1.83066
1.85128
1.87033
1.88781
1.90371
1.91802
1.93075
1.9419
1.95145
1.95942
1.96579
1.97057
1.97376
1.97535
1.97534
1.97375
1.97056
1.96577
1.95939
1.95142
1.94186
1.93071
1.91797
1.90364
1.88773
1.87024
1.85117
1.83053
1.80833
1.78459
1.7593
1.73251
1.70425
1.67459
1.64367
1.61178
1.57964
1.55004
1.54857
-0.57936
-0.5877
-0.623993
-0.665777
-0.710472
-0.757366
-0.806187
-0.856811
-0.909172
-0.963238
-1.01899
-1.07643
-1.13556
-1.19639
-1.25894
-1.32325
-1.38938
-1.45741
-1.52747
-1.59977
-1.67468
-1.75291
-1.83594
-1.80805
-1.72748
-1.65096
-1.57731
-1.50601
-1.43677
-1.36944
-1.30392
-1.24017
-1.17813
-1.11779
-1.05914
-1.00219
-0.946937
-0.893412
-0.841655
-0.791737
-0.743783
-0.698035
-0.654986
-0.615878
-0.584926
-0.590881
1.67608
1.59079
1.60983
1.63789
1.66762
1.69718
1.7259
1.75347
1.77973
1.8046
1.828
1.84992
1.87032
1.88919
1.90651
1.92227
1.93647
1.94911
1.96017
1.96966
1.97756
-1.98162
-1.97687
-1.97371
-1.97213
-1.97213
-1.97372
-1.97689
-1.98164
1.97753
1.96961
1.96012
1.94904
1.9364
1.92218
1.9064
1.88907
1.87018
1.84975
1.8278
1.80435
1.77943
1.7531
1.72542
1.69655
1.66673
1.63652
1.60736
1.58445
1.61351
-0.616045
-0.587398
-0.616419
-0.655043
-0.697922
-0.743602
-0.791521
-0.841423
-0.893171
-0.946691
-1.00194
-1.05889
-1.11753
-1.17786
-1.23989
-1.30364
-1.36914
-1.43645
-1.50564
-1.57688
-1.65042
-1.72674
-1.80688
-1.78163
-1.70368
-1.62885
-1.55642
-1.48605
-1.41756
-1.35086
-1.28589
-1.22262
-1.16103
-1.10112
-1.04289
-0.98635
-0.931528
-0.878463
-0.82722
-0.777903
-0.730694
-0.685936
-0.64434
-0.607691
-0.582052
-0.609577
1.74283
1.62287
1.63526
1.66053
1.68871
1.71727
1.74529
1.77234
1.7982
1.82274
1.84588
1.86757
1.88779
1.9065
1.92368
1.93933
1.95344
1.96599
1.97698
-1.9791
-1.97124
-1.96495
-1.96023
-1.95709
-1.95552
-1.95552
-1.9571
-1.96026
-1.96498
-1.97128
-1.97915
1.97691
1.96591
1.95335
1.93923
1.92356
1.90635
1.88761
1.86737
1.84563
1.82244
1.79783
1.77189
1.74471
1.71649
1.6876
1.65881
1.6321
1.61466
1.66603
-0.649894
-0.586483
-0.60899
-0.64481
-0.686095
-0.730712
-0.777845
-0.827119
-0.878339
-0.931387
-0.9862
-1.04273
-1.10096
-1.16086
-1.22245
-1.28571
-1.35067
-1.41736
-1.48583
-1.55616
-1.62853
-1.70324
-1.78094
-1.75813
-1.68239
-1.60901
-1.53762
-1.46804
-1.40019
-1.33403
-1.26953
-1.20668
-1.14548
-1.08593
-1.02806
-0.971875
-0.917425
-0.864757
-0.813956
-0.765159
-0.718595
-0.674699
-0.634368
-0.599868
-0.578929
-0.625734
1.7954
1.65095
1.65788
1.68081
1.70768
1.7354
1.76282
1.78942
1.81494
1.8392
1.86212
1.88363
1.90368
1.92226
1.93933
1.95488
1.9689
1.98138
-1.9732
-1.96382
-1.956
-1.94975
-1.94505
-1.94192
-1.94036
-1.94037
-1.94194
-1.94508
-1.94978
-1.95605
-1.96389
-1.97328
1.98129
1.96879
1.95475
1.93918
1.92208
1.90348
1.88339
1.86183
1.83886
1.81452
1.7889
1.76215
1.73449
1.70639
1.67879
1.65415
1.64118
1.7093
-0.680163
-0.585161
-0.601853
-0.63521
-0.675104
-0.71879
-0.76524
-0.813973
-0.864733
-0.917377
-0.971813
-1.02798
-1.08585
-1.14539
-1.20659
-1.26944
-1.33394
-1.4001
-1.46794
-1.53751
-1.60889
-1.68222
-1.75787
-1.73736
-1.66349
-1.59134
-1.52083
-1.45193
-1.38463
-1.31893
-1.25483
-1.19234
-1.13147
-1.07224
-1.01467
-0.958794
-0.904662
-0.852334
-0.801915
-0.753567
-0.70756
-0.664409
-0.625178
-0.592548
-0.575717
-0.639474
1.83779
1.67548
1.6779
1.69885
1.72461
1.75161
1.77853
1.80476
1.82997
1.854
1.87673
1.89807
1.91799
1.93645
1.95343
1.96889
-1.98267
-1.97025
-1.95937
-1.95004
-1.94225
-1.93602
-1.93135
-1.92823
-1.92668
-1.92668
-1.92825
-1.93138
-1.93606
-1.94231
-1.95011
-1.95946
-1.97035
1.98272
1.96875
1.95326
1.93626
1.91777
1.89781
1.87641
1.85362
1.82951
1.80417
1.77777
1.7506
1.72316
1.69658
1.67367
1.6644
1.74536
-0.706513
-0.583576
-0.595134
-0.626349
-0.665026
-0.70791
-0.75377
-0.802033
-0.852401
-0.904694
-0.958808
-1.01467
-1.07223
-1.13146
-1.19233
-1.25482
-1.31893
-1.38464
-1.45195
-1.52086
-1.59139
-1.66356
-1.73746
-1.71916
-1.64689
-1.57577
-1.50601
-1.43769
-1.37086
-1.30555
-1.24179
-1.1796
-1.11901
-1.06005
-1.00274
-0.947127
-0.893266
-0.84123
-0.791138
-0.743172
-0.697645
-0.655131
-0.616845
-0.585828
-0.572559
-0.650918
1.87236
1.69678
1.69544
1.71475
1.73956
1.76596
1.79244
1.81835
1.84332
1.86715
1.88971
1.91092
1.93072
1.94908
1.96597
1.98137
-1.97025
-1.95789
-1.94705
-1.93776
-1.93
-1.92379
-1.91914
-1.91603
-1.91449
-1.91449
-1.91605
-1.91917
-1.92384
-1.93006
-1.93783
-1.94715
-1.958
-1.97038
1.98121
1.96579
1.94887
1.93048
1.91063
1.88936
1.86673
1.84281
1.81771
1.79162
1.76485
1.73798
1.71225
1.69079
1.68458
1.77552
-0.728864
-0.58185
-0.588962
-0.618309
-0.655937
-0.698129
-0.743483
-0.791345
-0.841374
-0.89337
-0.947206
-1.0028
-1.0601
-1.11906
-1.17965
-1.24185
-1.30561
-1.37094
-1.4378
-1.50615
-1.57597
-1.64716
-1.71958
-1.70342
-1.63248
-1.56224
-1.49311
-1.42528
-1.35884
-1.29386
-1.23039
-1.16846
-1.10811
-1.04937
-0.992282
-0.936891
-0.88326
-0.83147
-0.781655
-0.734016
-0.688891
-0.646924
-0.60944
-0.579802
-0.569561
-0.660291
1.90079
1.71505
1.71062
1.72855
1.75258
1.77846
1.80458
1.83022
1.85498
1.87864
1.90106
1.92215
1.94186
1.96014
1.97696
-1.97321
-1.95938
-1.94706
-1.93626
-1.92699
-1.91926
-1.91308
-1.90843
-1.90534
-1.9038
-1.9038
-1.90536
-1.90847
-1.91313
-1.91933
-1.92707
-1.93636
-1.94718
-1.95952
-1.97338
1.97677
1.95992
1.9416
1.92184
1.90069
1.87819
1.85444
1.82954
1.80371
1.77727
1.75088
1.72586
1.70562
1.70194
1.80072
-0.747391
-0.580098
-0.583398
-0.611155
-0.647891
-0.689491
-0.734416
-0.781938
-0.831678
-0.883421
-0.937024
-0.992398
-1.04948
-1.10821
-1.16856
-1.2305
-1.29399
-1.35899
-1.42547
-1.49336
-1.56257
-1.63293
-1.70411
-1.69006
-1.62022
-1.55071
-1.48211
-1.41467
-1.34856
-1.28386
-1.22062
-1.15891
-1.09876
-1.04021
-0.983305
-0.928097
-0.874657
-0.823075
-0.77349
-0.726121
-0.681337
-0.639823
-0.603015
-0.574525
-0.566824
-0.667828
1.92404
1.7305
1.72353
1.74031
1.76369
1.78914
1.81497
1.84038
1.86496
1.88848
1.91079
1.93179
1.95141
1.96962
-1.97913
-1.96384
-1.95005
-1.93776
-1.927
-1.91775
-1.91005
-1.90388
-1.89925
-1.89616
-1.89462
-1.89463
-1.89618
-1.89928
-1.90393
-1.91012
-1.91784
-1.9271
-1.93789
-1.95019
-1.96401
-1.97933
1.96939
1.95114
1.93146
1.9104
1.88802
1.86439
1.83967
1.81404
1.78789
1.7619
1.73747
1.71822
1.71662
1.82159
-0.76234
-0.578431
-0.578515
-0.604939
-0.640921
-0.682037
-0.7266
-0.773836
-0.823336
-0.874868
-0.928278
-0.983464
-1.04036
-1.0989
-1.15906
-1.22079
-1.28404
-1.34877
-1.41493
-1.48243
-1.55114
-1.62082
-1.69098
-1.679
-1.61006
-1.54114
-1.47296
-1.40586
-1.34001
-1.27553
-1.21249
-1.15096
-1.09096
-1.03257
-0.975814
-0.920757
-0.867472
-0.816059
-0.766662
-0.719516
-0.675008
-0.633866
-0.597606
-0.570056
-0.564422
-0.67366
1.9429
1.74323
1.73422
1.75007
1.77292
1.79803
1.82361
1.84884
1.87328
1.89668
1.91889
1.93981
1.95937
1.97753
-1.97127
-1.95602
-1.94227
-1.93001
-1.91927
-1.91005
-1.90236
-1.8962
-1.89158
-1.8885
-1.88697
-1.88697
-1.88853
-1.89162
-1.89625
-1.90243
-1.91014
-1.91938
-1.93014
-1.94242
-1.9562
-1.97148
1.97728
1.95909
1.93947
1.91849
1.8962
1.87268
1.84809
1.82264
1.79672
1.77105
1.7471
1.72866
1.72875
1.8386
-0.774023
-0.576906
-0.574375
-0.599704
-0.635077
-0.675787
-0.720055
-0.767061
-0.816367
-0.867724
-0.920973
-0.976008
-1.03275
-1.09115
-1.15114
-1.2127
-1.27575
-1.34027
-1.40617
-1.47335
-1.54165
-1.61077
-1.68011
-1.67019
-1.60196
-1.5335
-1.46566
-1.39882
-1.33318
-1.26888
-1.20599
-1.14459
-1.08473
-1.02645
-0.969816
-0.914877
-0.861715
-0.810434
-0.761186
-0.714215
-0.669923
-0.629074
-0.593244
-0.566435
-0.562427
-0.677986
1.95774
1.75336
1.74273
1.75786
1.78029
1.80513
1.83051
1.8556
1.87993
1.90324
1.92538
1.94623
1.96574
-1.98165
-1.96498
-1.94977
-1.93604
-1.92381
-1.91308
-1.90388
-1.8962
-1.89006
-1.88544
-1.88237
-1.88084
-1.88084
-1.88239
-1.88548
-1.89011
-1.89628
-1.90397
-1.9132
-1.92394
-1.9362
-1.94995
-1.9652
-1.98191
1.96545
1.94589
1.92496
1.90274
1.87931
1.85483
1.82952
1.80378
1.77835
1.75479
1.73699
1.73838
1.85205
-0.782691
-0.575599
-0.571009
-0.595486
-0.630374
-0.670768
-0.714801
-0.761623
-0.810777
-0.862
-0.915124
-0.97004
-1.02666
-1.08494
-1.14481
-1.20622
-1.26913
-1.33348
-1.39917
-1.4661
-1.53408
-1.60277
-1.67145
-1.66361
-1.59589
-1.52779
-1.46019
-1.39354
-1.32806
-1.26389
-1.20112
-1.13982
-1.08005
-1.02187
-0.965314
-0.910465
-0.857395
-0.806209
-0.757074
-0.71023
-0.6661
-0.625464
-0.589958
-0.563689
-0.560874
-0.680923
1.96898
1.76095
1.74911
1.7637
1.78581
1.81045
1.83569
1.86067
1.88491
1.90816
1.93024
1.95105
1.97052
-1.97691
-1.96026
-1.94508
-1.93137
-1.91915
-1.90844
-1.89925
-1.89158
-1.88545
-1.88084
-1.87777
-1.87624
-1.87625
-1.87779
-1.88088
-1.8855
-1.89166
-1.89935
-1.90856
-1.91929
-1.93153
-1.94526
-1.96048
-1.97717
1.97022
1.9507
1.92981
1.90764
1.88428
1.85988
1.83467
1.80907
1.78383
1.76055
1.74322
1.74561
1.86217
-0.788648
-0.574545
-0.568458
-0.5923
-0.626836
-0.666993
-0.710856
-0.757539
-0.806579
-0.857701
-0.910733
-0.965559
-1.0221
-1.08028
-1.14006
-1.20137
-1.26417
-1.32838
-1.39393
-1.46068
-1.52842
-1.59678
-1.66498
-1.65921
-1.59185
-1.52397
-1.45655
-1.39002
-1.32464
-1.26056
-1.19787
-1.13664
-1.07693
-1.01881
-0.962315
-0.907522
-0.854512
-0.803393
-0.75433
-0.707571
-0.66355
-0.623056
-0.587758
-0.561848
-0.559796
-0.682651
1.97686
1.76605
1.75338
1.76759
1.7895
1.81399
1.83914
1.86405
1.88823
1.91143
1.93348
1.95426
1.97371
-1.97375
-1.95712
-1.94195
-1.92825
-1.91605
-1.90535
-1.89617
-1.88851
-1.88237
-1.87777
-1.8747
-1.87317
-1.87318
-1.87473
-1.87781
-1.88243
-1.88858
-1.89626
-1.90547
-1.91619
-1.92841
-1.94214
-1.95734
-1.97401
1.9734
1.9539
1.93305
1.91091
1.8876
1.86325
1.83811
1.81259
1.78748
1.76439
1.7474
1.75046
1.86907
-0.792131
-0.573823
-0.566748
-0.590171
-0.624468
-0.664477
-0.708225
-0.754821
-0.803782
-0.854836
-0.907805
-0.962573
-1.01905
-1.07718
-1.13689
-1.19814
-1.26086
-1.32498
-1.39043
-1.45705
-1.52464
-1.59278
-1.66065
-1.65699
-1.58981
-1.52205
-1.45471
-1.38826
-1.32293
-1.25889
-1.19624
-1.13505
-1.07537
-1.01728
-0.960817
-0.906054
-0.853074
-0.80199
-0.752961
-0.706249
-0.66228
-0.62186
-0.586662
-0.560922
-0.559238
-0.683201
1.98142
1.76871
1.75556
1.76956
1.79136
1.81578
1.84087
1.86574
1.8899
1.91307
1.9351
1.95587
1.9753
-1.97217
-1.95555
-1.94039
-1.9267
-1.9145
-1.90381
-1.89463
-1.88697
-1.88084
-1.87624
-1.87317
-1.87165
-1.87165
-1.8732
-1.87628
-1.8809
-1.88705
-1.89472
-1.90392
-1.91464
-1.92686
-1.94058
-1.95577
-1.97243
1.97499
1.9555
1.93467
1.91255
1.88926
1.86494
1.83983
1.81437
1.78932
1.76633
1.74952
1.75297
1.87293
-0.793263
-0.573407
-0.565888
-0.58911
-0.623296
-0.663219
-0.706912
-0.753463
-0.802387
-0.853408
-0.906344
-0.961081
-1.01753
-1.07562
-1.1353
-1.19652
-1.2592
-1.32328
-1.38867
-1.45524
-1.52273
-1.59076
-1.65847
-1.65693
-1.58977
-1.52202
-1.45469
-1.38824
-1.32292
-1.25888
-1.19623
-1.13504
-1.07537
-1.01728
-0.96082
-0.906062
-0.853083
-0.801999
-0.752974
-0.70626
-0.662293
-0.621873
-0.586671
-0.560929
-0.55919
-0.682652
-1.98261
1.76891
1.75564
1.76961
1.79138
1.8158
1.84088
1.86575
1.8899
1.91308
1.9351
1.95587
1.9753
-1.97217
-1.95555
-1.94039
-1.9267
-1.91451
-1.90382
-1.89464
-1.88698
-1.88085
-1.87625
-1.87318
-1.87165
-1.87166
-1.87321
-1.87629
-1.88091
-1.88705
-1.89473
-1.90393
-1.91465
-1.92687
-1.94058
-1.95578
-1.97243
1.97499
1.9555
1.93467
1.91255
1.88926
1.86494
1.83984
1.81438
1.78935
1.76638
1.74959
1.75314
1.87376
-0.792153
-0.573339
-0.565894
-0.589121
-0.62331
-0.663235
-0.706928
-0.753475
-0.802397
-0.853416
-0.906351
-0.961086
-1.01753
-1.07562
-1.1353
-1.19651
-1.25919
-1.32327
-1.38866
-1.45521
-1.52271
-1.59072
-1.65841
-1.65904
-1.59173
-1.52388
-1.45648
-1.38997
-1.32461
-1.26054
-1.19785
-1.13663
-1.07693
-1.01881
-0.962328
-0.907542
-0.854536
-0.803422
-0.754364
-0.707611
-0.663592
-0.623103
-0.587796
-0.561855
-0.559676
-0.681
1.98119
1.76669
1.75364
1.76773
1.78958
1.81405
1.83918
1.86407
1.88825
1.91144
1.93348
1.95426
1.9737
-1.97376
-1.95713
-1.94196
-1.92827
-1.91607
-1.90537
-1.89619
-1.88853
-1.8824
-1.87779
-1.87473
-1.8732
-1.87321
-1.87475
-1.87784
-1.88245
-1.8886
-1.89628
-1.90549
-1.91621
-1.92843
-1.94215
-1.95736
-1.97402
1.97339
1.9539
1.93305
1.91092
1.88761
1.86327
1.83815
1.81265
1.78757
1.76452
1.74762
1.75097
1.87153
-0.788803
-0.573624
-0.566755
-0.590212
-0.624516
-0.664519
-0.708265
-0.754857
-0.803815
-0.854863
-0.907827
-0.962588
-1.01906
-1.07718
-1.13688
-1.19812
-1.26084
-1.32495
-1.39038
-1.45699
-1.52455
-1.59266
-1.66049
-1.66332
-1.59569
-1.52764
-1.46008
-1.39346
-1.328
-1.26385
-1.20109
-1.13981
-1.08005
-1.02188
-0.96534
-0.910498
-0.857436
-0.80626
-0.757132
-0.710297
-0.666174
-0.62554
-0.590022
-0.563711
-0.560677
-0.678276
1.97627
1.762
1.74953
1.76392
1.78596
1.81054
1.83575
1.8607
1.88493
1.90817
1.93024
1.95105
1.97051
-1.97693
-1.96029
-1.9451
-1.9314
-1.91918
-1.90848
-1.89929
-1.89162
-1.88548
-1.88088
-1.87781
-1.87628
-1.87629
-1.87783
-1.88092
-1.88554
-1.8917
-1.89938
-1.90859
-1.91932
-1.93156
-1.94529
-1.96051
-1.97718
1.97021
1.95069
1.92982
1.90766
1.88431
1.85992
1.83473
1.80916
1.78397
1.76076
1.74361
1.74646
1.86625
-0.783237
-0.574263
-0.568478
-0.592369
-0.626914
-0.667071
-0.710926
-0.757606
-0.806635
-0.857747
-0.910769
-0.965586
-1.02211
-1.08029
-1.14005
-1.20135
-1.26413
-1.32833
-1.39385
-1.46057
-1.52827
-1.59658
-1.66469
-1.66978
-1.60167
-1.5333
-1.46551
-1.3987
-1.3331
-1.26882
-1.20596
-1.14458
-1.08473
-1.02647
-0.969851
-0.914926
-0.861777
-0.810507
-0.761271
-0.714312
-0.670028
-0.629183
-0.593344
-0.566478
-0.562176
-0.674355
1.96801
1.75482
1.74332
1.75818
1.78049
1.80526
1.8306
1.85565
1.87996
1.90325
1.92538
1.94623
1.96573
-1.98168
-1.96501
-1.94981
-1.93608
-1.92385
-1.91313
-1.90393
-1.89626
-1.89011
-1.8855
-1.88243
-1.8809
-1.8809
-1.88245
-1.88554
-1.89017
-1.89633
-1.90402
-1.91324
-1.92398
-1.93624
-1.94999
-1.96523
-1.98193
1.96543
1.94588
1.92496
1.90275
1.87935
1.85489
1.82961
1.80391
1.77855
1.75509
1.73752
1.73957
1.85783
-0.775315
-0.575227
-0.571054
-0.595591
-0.630494
-0.67088
-0.714907
-0.761715
-0.810858
-0.862066
-0.915177
-0.970077
-1.02669
-1.08495
-1.1448
-1.20619
-1.26908
-1.3334
-1.39906
-1.46595
-1.53388
-1.60249
-1.67106
-1.67847
-1.60969
-1.54087
-1.47276
-1.40571
-1.33991
-1.27546
-1.21245
-1.15094
-1.09097
-1.0326
-0.97586
-0.920822
-0.867555
-0.816157
-0.766778
-0.719646
-0.675153
-0.634019
-0.597752
-0.570141
-0.564164
-0.669281
1.95631
1.7451
1.73497
1.75049
1.77318
1.7982
1.82372
1.84891
1.87332
1.8967
1.91889
1.9398
1.95935
1.97749
-1.97131
-1.95607
-1.94232
-1.93007
-1.91933
-1.91012
-1.90243
-1.89627
-1.89166
-1.88858
-1.88704
-1.88705
-1.8886
-1.89169
-1.89633
-1.9025
-1.91021
-1.91944
-1.9302
-1.94247
-1.95625
-1.97152
1.97725
1.95907
1.93947
1.91849
1.89622
1.87273
1.84817
1.82276
1.79689
1.7713
1.74749
1.72935
1.73028
1.84608
-0.76499
-0.576506
-0.574457
-0.599865
-0.635245
-0.675945
-0.720196
-0.767183
-0.816473
-0.867813
-0.921044
-0.976061
-1.03278
-1.09116
-1.15113
-1.21265
-1.27568
-1.34016
-1.40602
-1.47315
-1.54138
-1.61041
-1.6796
-1.6894
-1.61976
-1.55038
-1.48186
-1.41449
-1.34843
-1.28377
-1.22057
-1.15889
-1.09877
-1.04025
-0.983366
-0.928181
-0.874762
-0.823202
-0.773639
-0.726292
-0.681528
-0.640028
-0.603217
-0.574665
-0.566592
-0.662917
1.94078
1.73278
1.72446
1.74082
1.76401
1.78935
1.81511
1.84047
1.86502
1.88851
1.91079
1.93177
1.95138
1.96958
-1.97918
-1.9639
-1.95012
-1.93784
-1.92708
-1.91784
-1.91014
-1.90397
-1.89934
-1.89626
-1.89472
-1.89472
-1.89628
-1.89938
-1.90402
-1.9102
-1.91792
-1.92718
-1.93796
-1.95026
-1.96407
-1.97938
1.96935
1.95111
1.93145
1.91041
1.88804
1.86445
1.83975
1.81418
1.7881
1.7622
1.73795
1.71906
1.71849
1.83082
-0.752085
-0.578044
-0.578662
-0.605161
-0.641145
-0.68224
-0.726783
-0.773994
-0.823475
-0.874983
-0.928367
-0.983529
-1.0404
-1.09892
-1.15905
-1.22074
-1.28395
-1.34864
-1.41475
-1.48218
-1.55081
-1.62037
-1.69035
-1.70264
-1.63193
-1.56184
-1.49282
-1.42506
-1.35868
-1.29375
-1.23033
-1.16844
-1.10812
-1.04942
-0.992361
-0.936999
-0.883394
-0.831633
-0.781844
-0.734231
-0.689137
-0.647191
-0.609718
-0.580029
-0.569406
-0.65513
1.92104
1.71773
1.71172
1.72916
1.75296
1.77871
1.80475
1.83033
1.85504
1.87867
1.90106
1.92213
1.94182
1.96009
1.97689
-1.97329
-1.95946
-1.94715
-1.93636
-1.9271
-1.91937
-1.91319
-1.90855
-1.90546
-1.90391
-1.90392
-1.90548
-1.90858
-1.91324
-1.91944
-1.92718
-1.93646
-1.94727
-1.9596
-1.97345
1.9767
1.95987
1.94156
1.92183
1.9007
1.87823
1.8545
1.82965
1.80387
1.77752
1.75125
1.72644
1.70661
1.70413
1.81169
-0.736405
-0.579809
-0.583641
-0.611454
-0.648178
-0.689756
-0.734649
-0.782141
-0.831853
-0.883565
-0.937138
-0.992481
-1.04953
-1.10823
-1.16855
-1.23045
-1.29389
-1.35884
-1.42525
-1.49306
-1.56217
-1.63239
-1.70336
-1.71825
-1.64624
-1.5753
-1.50566
-1.43743
-1.37067
-1.30543
-1.24172
-1.17958
-1.11904
-1.06011
-1.00284
-0.947262
-0.893433
-0.841433
-0.791376
-0.743447
-0.697957
-0.655479
-0.617215
-0.586174
-0.572547
-0.64586
1.89631
1.69985
1.6967
1.71545
1.74
1.76625
1.79264
1.81847
1.84339
1.86718
1.88971
1.91089
1.93068
1.94902
1.96589
1.98128
-1.97036
-1.958
-1.94717
-1.93788
-1.93013
-1.92393
-1.91928
-1.91617
-1.91463
-1.91463
-1.91619
-1.91931
-1.92397
-1.93019
-1.93795
-1.94726
-1.95811
-1.97048
1.98113
1.96572
1.94881
1.93043
1.91061
1.88937
1.86677
1.84289
1.81784
1.79182
1.76514
1.73841
1.71291
1.69193
1.6871
1.78827
-0.717876
-0.58173
-0.589323
-0.618713
-0.65631
-0.698461
-0.743774
-0.791598
-0.84159
-0.893548
-0.94735
-1.00291
-1.06017
-1.11909
-1.17964
-1.24178
-1.3055
-1.37076
-1.43755
-1.50581
-1.5755
-1.64653
-1.7187
-1.73631
-1.66275
-1.59079
-1.52042
-1.45163
-1.38442
-1.31879
-1.25476
-1.19232
-1.1315
-1.07232
-1.01479
-0.958961
-0.904869
-0.852585
-0.80221
-0.753906
-0.70795
-0.664848
-0.625664
-0.593046
-0.575949
-0.634915
1.86564
1.67892
1.67933
1.69966
1.72512
1.75194
1.77875
1.8049
1.83006
1.85404
1.87673
1.89804
1.91794
1.93638
1.95333
1.96879
1.98272
-1.97038
-1.95951
-1.95018
-1.94241
-1.93618
-1.93151
-1.9284
-1.92684
-1.92685
-1.92841
-1.93154
-1.93622
-1.94246
-1.95025
-1.95959
-1.97048
1.9826
1.96865
1.95317
1.93619
1.91772
1.89778
1.87641
1.85366
1.82959
1.80432
1.778
1.75093
1.72365
1.69734
1.67497
1.66722
1.75983
-0.696336
-0.583746
-0.595687
-0.626889
-0.665504
-0.708327
-0.754133
-0.802346
-0.852668
-0.904915
-0.958985
-1.0148
-1.07232
-1.1315
-1.19231
-1.25475
-1.31879
-1.38443
-1.45165
-1.52046
-1.59085
-1.66283
-1.73644
-1.75693
-1.68153
-1.60837
-1.53714
-1.46769
-1.39995
-1.33387
-1.26944
-1.20666
-1.14552
-1.08603
-1.02821
-0.972078
-0.917679
-0.865064
-0.814318
-0.765581
-0.719083
-0.67526
-0.635007
-0.600578
-0.579508
-0.622267
1.82738
1.65472
1.65947
1.68171
1.70825
1.73577
1.76307
1.78959
1.81503
1.83924
1.86212
1.88359
1.90362
1.92217
1.93922
1.95475
1.96876
1.98122
-1.97336
-1.964
-1.95618
-1.94993
-1.94524
-1.94211
-1.94055
-1.94056
-1.94213
-1.94527
-1.94997
-1.95623
-1.96406
-1.97344
1.98114
1.96865
1.95463
1.93907
1.922
1.90342
1.88336
1.86184
1.8389
1.81462
1.78907
1.7624
1.73487
1.70695
1.67965
1.6556
1.6443
1.72545
-0.671915
-0.585734
-0.602625
-0.635911
-0.675707
-0.719311
-0.765692
-0.814359
-0.865062
-0.917648
-0.972032
-1.02815
-1.08596
-1.14544
-1.20658
-1.26936
-1.33379
-1.39986
-1.4676
-1.53704
-1.60826
-1.68138
-1.7567
-1.78027
-1.70269
-1.62812
-1.55587
-1.48565
-1.41728
-1.35068
-1.28579
-1.2226
-1.16109
-1.10124
-1.04308
-0.986599
-0.93184
-0.878842
-0.827666
-0.778424
-0.731305
-0.686645
-0.645176
-0.608676
-0.583109
-0.607835
1.77861
1.62692
1.637
1.66153
1.68935
1.7177
1.74557
1.77252
1.7983
1.82278
1.84587
1.86753
1.88771
1.90639
1.92356
1.93919
1.95327
1.96581
1.97679
-1.9793
-1.97145
-1.96517
-1.96045
-1.95731
-1.95574
-1.95575
-1.95732
-1.96048
-1.9652
-1.97149
-1.97935
1.97673
1.96573
1.95318
1.93908
1.92343
1.90625
1.88754
1.86733
1.84563
1.82249
1.79794
1.77207
1.74499
1.71691
1.68823
1.65977
1.63371
1.61803
1.68354
-0.644696
-0.587638
-0.610072
-0.645725
-0.686863
-0.731362
-0.778401
-0.827596
-0.878739
-0.93172
-0.986468
-1.04293
-1.10109
-1.16093
-1.22244
-1.28562
-1.3505
-1.41708
-1.48543
-1.55562
-1.62781
-1.70227
-1.77961
-1.80651
-1.72636
-1.65012
-1.57669
-1.50555
-1.43645
-1.36924
-1.30382
-1.24016
-1.1782
-1.11794
-1.05938
-1.0025
-0.947322
-0.893876
-0.842207
-0.792385
-0.744543
-0.698935
-0.656067
-0.617221
-0.586616
-0.591575
1.71456
1.59505
1.61173
1.639
1.66833
1.69766
1.72622
1.75367
1.77985
1.80465
1.828
1.84987
1.87023
1.88906
1.90636
1.9221
1.93628
1.9489
1.95994
1.96942
1.97732
-1.98187
-1.97713
-1.97397
-1.97239
-1.97239
-1.97398
-1.97715
-1.9819
1.97729
1.96938
1.9599
1.94884
1.93621
1.92201
1.90626
1.88895
1.87009
1.8497
1.8278
1.80441
1.77956
1.75331
1.72575
1.69702
1.66743
1.63758
1.60911
1.58805
1.63176
-0.615147
-0.589312
-0.617906
-0.656227
-0.698895
-0.744414
-0.792212
-0.842006
-0.893663
-0.947099
-1.00227
-1.05914
-1.1177
-1.17795
-1.23989
-1.30355
-1.36894
-1.43613
-1.50519
-1.57626
-1.64959
-1.72563
-1.80537
-1.8359
-1.75271
-1.67451
-1.59967
-1.52747
-1.45751
-1.38958
-1.32355
-1.25932
-1.19686
-1.13612
-1.07708
-1.01974
-0.964081
-0.91012
-0.857876
-0.807387
-0.758724
-0.712022
-0.667574
-0.626077
-0.589867
-0.573592
1.6259
1.55849
1.58336
1.61396
1.64512
1.6756
1.70496
1.73302
1.75966
1.78482
1.80848
1.8306
1.85117
1.87018
1.88763
1.9035
1.9178
1.93051
1.94164
1.95118
1.95913
1.96549
1.97027
1.97345
1.97504
1.97504
1.97344
1.97025
1.96548
1.95911
1.95115
1.9416
1.93047
1.91775
1.90344
1.88756
1.8701
1.85107
1.83048
1.80833
1.78465
1.75944
1.73275
1.70461
1.67513
1.64446
1.61295
1.58155
1.55381
1.56613
-0.58395
-0.59062
-0.625989
-0.667299
-0.711698
-0.758379
-0.807042
-0.857533
-0.909778
-0.96374
-1.0194
-1.07674
-1.13577
-1.1965
-1.25895
-1.32315
-1.38916
-1.45705
-1.52694
-1.59905
-1.67372
-1.75163
-1.83421
-1.86881
-1.78198
-1.70145
-1.62496
-1.5515
-1.48053
-1.41175
-1.34499
-1.28012
-1.21706
-1.15575
-1.09617
-1.03828
-0.982063
-0.927504
-0.874597
-0.823337
-0.773727
-0.725781
-0.679529
-0.635054
-0.59265
-0.554067
1.4945
1.5163
1.55155
1.58621
1.61955
1.65141
1.68174
1.71051
1.73769
1.76329
1.7873
1.80972
1.83054
1.84977
1.86739
1.88342
1.89785
1.91067
1.92189
1.93151
1.93953
1.94594
1.95075
1.95396
1.95556
1.95556
1.95396
1.95075
1.94594
1.93952
1.9315
1.92188
1.91065
1.89782
1.88339
1.86736
1.84972
1.83049
1.80966
1.78722
1.76319
1.73756
1.71034
1.68153
1.65114
1.61917
1.58567
1.55067
1.51446
1.48005
-0.551943
-0.591397
-0.634141
-0.678784
-0.725138
-0.773147
-0.8228
-0.87409
-0.927015
-0.981585
-1.03781
-1.0957
-1.15528
-1.21657
-1.27961
-1.34446
-1.41118
-1.4799
-1.55078
-1.62411
-1.70037
-1.7805
-1.86649
-1.90572
-1.81451
-1.73119
-1.65272
-1.57776
-1.50559
-1.43582
-1.36819
-1.30255
-1.23878
-1.17682
-1.11659
-1.05807
-1.00119
-0.945937
-0.89226
-0.840108
-0.789409
-0.740034
-0.691736
-0.643928
-0.594745
-0.533308
1.28604
1.46711
1.51574
1.55543
1.59144
1.62498
1.65646
1.68607
1.71391
1.74004
1.76447
1.78724
1.80836
1.82783
1.84567
1.86188
1.87646
1.88942
1.90075
1.91046
1.91856
1.92503
1.92988
1.93312
1.93474
1.93474
1.93312
1.92989
1.92503
1.91856
1.91047
1.90076
1.88942
1.87647
1.86188
1.84568
1.82784
1.80836
1.78724
1.76446
1.74002
1.71389
1.68604
1.65642
1.62493
1.5914
1.55545
1.51599
1.46887
1.36177
-0.520324
-0.591454
-0.642148
-0.690487
-0.739047
-0.788568
-0.839357
-0.891566
-0.94528
-1.00056
-1.05744
-1.11598
-1.1762
-1.23815
-1.30189
-1.3675
-1.43507
-1.50477
-1.57682
-1.6516
-1.72977
-1.81257
-1.90269
-1.9473
-1.85076
-1.76405
-1.68319
-1.60643
-1.53282
-1.46185
-1.39319
-1.32663
-1.26203
-1.19928
-1.1383
-1.07901
-1.02137
-0.965295
-0.910716
-0.857527
-0.805567
-0.754553
-0.703932
-0.652388
-0.595827
-0.511744
0.968242
1.40883
1.47514
1.52119
1.56051
1.5961
1.62899
1.65963
1.68826
1.71501
1.73996
1.76315
1.78462
1.8044
1.8225
1.83892
1.85369
1.8668
1.87827
1.8881
1.89628
1.90282
1.90773
1.911
1.91264
1.91264
1.91101
1.90774
1.90284
1.8963
1.88812
1.8783
1.86684
1.85373
1.83897
1.82255
1.80446
1.78469
1.76322
1.74004
1.7151
1.68837
1.65975
1.62914
1.59632
1.56086
1.52184
1.47674
1.41515
1.1924
-0.490234
-0.590579
-0.649716
-0.702154
-0.753191
-0.804436
-0.856534
-0.90981
-0.964447
-1.02055
-1.07822
-1.13751
-1.19849
-1.26122
-1.32579
-1.39231
-1.4609
-1.53177
-1.60523
-1.68177
-1.76226
-1.84831
-1.94348
1.97091
-1.89144
-1.80053
-1.71674
-1.63777
-1.56241
-1.48998
-1.42007
-1.3524
-1.28679
-1.22309
-1.1612
-1.10101
-1.04244
-0.985399
-0.929756
-0.875348
-0.821915
-0.76901
-0.715738
-0.660023
-0.59556
-0.489979
0.613815
1.33807
1.42849
1.4828
1.52633
1.56449
1.59913
1.63105
1.66066
1.68818
1.71375
1.73746
1.75936
1.7795
1.79791
1.8146
1.8296
1.8429
1.85453
1.86449
1.87279
1.87942
1.88439
1.8877
1.88936
1.88937
1.88772
1.88441
1.87945
1.87283
1.86455
1.8546
1.84298
1.82968
1.8147
1.79802
1.77963
1.7595
1.73761
1.71393
1.68838
1.6609
1.63135
1.59951
1.56502
1.52714
1.48422
1.43171
1.35029
0.951545
-0.462902
-0.588532
-0.656481
-0.713409
-0.767251
-0.82047
-0.874087
-0.928612
-0.98433
-1.04142
-1.10001
-1.1602
-1.2221
-1.28577
-1.35135
-1.41896
-1.48878
-1.56109
-1.63627
-1.71497
-1.79831
-1.8884
1.97561
1.91636
-1.93759
-1.84139
-1.75391
-1.67217
-1.59462
-1.52038
-1.44893
-1.37989
-1.31304
-1.24818
-1.18517
-1.12389
-1.0642
-1.00599
-0.949071
-0.893216
-0.838052
-0.782943
-0.726646
-0.666291
-0.593484
-0.468709
0.350498
1.24926
1.37375
1.43918
1.48823
1.52971
1.56658
1.60012
1.63095
1.65944
1.6858
1.71015
1.73259
1.75319
1.77199
1.78901
1.80429
1.81783
1.82966
1.83979
1.84822
1.85496
1.86001
1.86338
1.86507
1.86508
1.8634
1.86005
1.85502
1.84829
1.83988
1.82977
1.81796
1.80443
1.78918
1.77218
1.75341
1.73284
1.71042
1.68611
1.6598
1.63138
1.60063
1.56724
1.5306
1.48957
1.44152
1.37896
1.26914
0.655504
-0.439325
-0.585028
-0.661944
-0.723773
-0.780778
-0.836266
-0.891656
-0.947653
-1.00466
-1.06293
-1.12264
-1.18393
-1.24693
-1.31177
-1.37858
-1.44754
-1.5189
-1.59299
-1.67032
-1.75173
-1.83867
-1.93391
1.92203
1.85211
1.97459
-1.88782
-1.79556
-1.71025
-1.6299
-1.55336
-1.47993
-1.40917
-1.34074
-1.27443
-1.21003
-1.14738
-1.08632
-1.02667
-0.968197
-0.910595
-0.853369
-0.795682
-0.735913
-0.67044
-0.589071
-0.448617
0.179348
1.13293
1.30737
1.38847
1.44506
1.491
1.53083
1.56649
1.59893
1.62868
1.65605
1.68123
1.70437
1.72555
1.74484
1.76229
1.77792
1.79178
1.80386
1.8142
1.82281
1.82968
1.83484
1.83827
1.84
1.84001
1.83831
1.8349
1.82977
1.82292
1.81434
1.80403
1.79197
1.77815
1.76254
1.74513
1.72588
1.70474
1.68165
1.65652
1.62922
1.59958
1.56727
1.53182
1.49233
1.44704
1.39188
1.315
1.16249
0.380097
-0.420304
-0.579747
-0.665451
-0.732557
-0.793106
-0.851223
-0.908706
-0.966469
-1.02504
-1.08475
-1.14584
-1.20849
-1.27288
-1.33916
-1.40752
-1.4782
-1.55151
-1.62788
-1.70799
-1.79291
-1.88455
1.97898
1.85875
1.77408
1.91125
-1.94186
-1.84317
-1.75308
-1.66899
-1.58938
-1.51336
-1.44033
-1.36986
-1.30166
-1.23546
-1.17107
-1.10826
-1.04679
-0.986391
-0.926638
-0.866918
-0.806181
-0.742444
-0.671402
-0.581632
-0.430452
0.0602038
0.973783
1.22272
1.32723
1.39477
1.44703
1.49099
1.52958
1.56421
1.59566
1.62439
1.65069
1.67476
1.69672
1.71668
1.73468
1.75079
1.76505
1.77748
1.7881
1.79693
1.80399
1.80928
1.81281
1.81458
1.8146
1.81286
1.80937
1.80412
1.7971
1.78831
1.77772
1.76534
1.75112
1.73506
1.7171
1.6972
1.6753
1.6513
1.62508
1.59645
1.56513
1.53069
1.49238
1.44887
1.39748
1.33188
1.23313
1.01369
0.172546
-0.406367
-0.572313
-0.666089
-0.738723
-0.803246
-0.864418
-0.924396
-0.984304
-1.0448
-1.10632
-1.16915
-1.23354
-1.29971
-1.36787
-1.43827
-1.5112
-1.58709
-1.66649
-1.75031
-1.83998
-1.938
1.91632
1.78154
1.67523
1.8327
1.95825
-1.89942
-1.80258
-1.71322
-1.62935
-1.54973
-1.47357
-1.40031
-1.32954
-1.26093
-1.19421
-1.12909
-1.06527
-1.00238
-0.939929
-0.877146
-0.812778
-0.744534
-0.667637
-0.570325
-0.414869
-0.03186
0.752897
1.10624
1.24846
1.3332
1.39513
1.4453
1.48821
1.52603
1.55994
1.59063
1.61852
1.64391
1.66697
1.68785
1.70664
1.72342
1.73825
1.75115
1.76216
1.77132
1.77863
1.7841
1.78776
1.7896
1.78963
1.78784
1.78424
1.77882
1.77157
1.76247
1.75152
1.73868
1.72392
1.7072
1.68848
1.66768
1.64469
1.61941
1.59162
1.56106
1.52732
1.48973
1.44716
1.39755
1.33667
1.25429
1.11915
0.796249
0.0221251
-0.397796
-0.562324
-0.662584
-0.740741
-0.809624
-0.874338
-0.937325
-0.999897
-1.06284
-1.12669
-1.19181
-1.2585
-1.32706
-1.39777
-1.47094
-1.54699
-1.62645
-1.71013
-1.7992
-1.89563
1.96268
1.83822
1.68282
1.54294
1.72875
1.87396
-1.96981
-1.86266
-1.76533
-1.67502
-1.59004
-1.50926
-1.43191
-1.35744
-1.28538
-1.21538
-1.14706
-1.08003
-1.01385
-0.947894
-0.881291
-0.812623
-0.739411
-0.656837
-0.554123
-0.402409
-0.109422
0.471548
0.928563
1.13557
1.25062
1.32921
1.38977
1.43977
1.48274
1.52057
1.55433
1.5847
1.61212
1.63687
1.65916
1.67915
1.69694
1.71261
1.72623
1.73784
1.74747
1.75516
1.76092
1.76477
1.76671
1.76675
1.7649
1.76114
1.75547
1.74787
1.73832
1.72681
1.71328
1.69771
1.68001
1.66013
1.63793
1.6133
1.586
1.55577
1.52216
1.48452
1.44179
1.39212
1.33208
1.25442
1.14137
0.93987
0.495219
-0.0928594
-0.394658
-0.549293
-0.653108
-0.736157
-0.809588
-0.878355
-0.94499
-1.01093
-1.07708
-1.14405
-1.21231
-1.28224
-1.3542
-1.42858
-1.50582
-1.58647
-1.67131
-1.76145
-1.85858
-1.96547
1.87861
1.73383
1.54856
1.35591
1.57784
1.75341
1.89821
-1.94269
-1.83179
-1.73061
-1.63666
-1.54827
-1.4643
-1.38392
-1.30648
-1.23146
-1.15838
-1.08673
-1.01596
-0.945383
-0.874034
-0.800473
-0.72235
-0.635493
-0.531761
-0.393435
-0.179084
0.18463
0.634673
0.942223
1.11864
1.23162
1.31314
1.37704
1.42983
1.47496
1.51433
1.54916
1.58018
1.60789
1.63265
1.65469
1.67421
1.69134
1.70616
1.71877
1.72921
1.73754
1.74378
1.74795
1.75007
1.75015
1.74818
1.74416
1.73808
1.7299
1.71962
1.70716
1.69249
1.67552
1.65615
1.63426
1.60966
1.58209
1.55122
1.51653
1.47727
1.43223
1.37946
1.31547
1.23357
1.11951
0.940082
0.625395
0.170873
-0.187236
-0.396888
-0.532692
-0.634988
-0.720935
-0.798416
-0.871489
-0.942452
-1.0127
-1.08318
-1.15458
-1.22743
-1.30224
-1.37949
-1.4597
-1.54352
-1.63181
-1.72571
-1.82691
-1.938
1.90245
1.7567
1.57922
1.35384
1.09088
1.33537
1.5512
1.73601
1.89462
-1.93238
-1.8089
-1.69671
-1.59317
-1.49636
-1.4049
-1.31776
-1.23408
-1.15318
-1.07439
-0.997076
-0.920509
-0.843806
-0.765791
-0.684777
-0.598168
-0.501739
-0.388184
-0.244501
-0.0488308
0.221859
0.543018
0.825252
1.02717
1.16757
1.27001
1.34908
1.41293
1.46619
1.51165
1.55102
1.58542
1.61561
1.64213
1.66534
1.68553
1.70288
1.71756
1.72968
1.73932
1.74654
1.75139
1.7539
1.75407
1.75191
1.7474
1.74052
1.73122
1.71944
1.70509
1.68806
1.66819
1.64527
1.61903
1.58906
1.55482
1.51551
1.46993
1.41622
1.35137
1.27022
1.16355
1.01465
0.796955
0.495454
0.170814
-0.0870871
-0.269649
-0.404293
-0.511912
-0.60431
-0.688043
-0.766906
-0.843236
-0.918579
-0.994013
-1.07036
-1.14832
-1.22852
-1.31158
-1.39824
-1.48933
-1.58595
-1.68957
-1.8022
-1.92671
1.89831
1.73627
1.54599
1.32267
1.07049
0.76902
0.958414
1.16361
1.37973
1.59675
1.80331
-1.97374
-1.80562
-1.65635
-1.52301
-1.40262
-1.29259
-1.19089
-1.09593
-1.00644
-0.921434
-0.840067
-0.761606
-0.685363
-0.610631
-0.536626
-0.462405
-0.386729
-0.307887
-0.223363
-0.129281
-0.0195068
0.11563
0.289716
0.513714
0.773599
1.02058
1.21702
1.36217
1.46973
1.55183
1.61655
1.66889
1.71202
1.74794
1.77802
1.80315
1.82396
1.84092
1.85433
1.86442
1.87134
1.87519
1.87602
1.87382
1.86857
1.86016
1.84847
1.83326
1.81422
1.79089
1.76259
1.72834
1.68663
1.63508
1.56979
1.48407
1.36623
1.19704
0.955477
0.65742
0.380125
0.171848
0.0213843
-0.0934297
-0.187604
-0.269826
-0.345151
-0.41665
-0.486278
-0.555382
-0.624939
-0.695709
-0.76835
-0.84348
-0.921722
-1.00377
-1.09044
-1.18277
-1.28208
-1.3901
-1.50919
-1.6424
-1.79357
-1.96667
1.80143
1.58246
1.35253
1.12699
0.917691
0.728677
0.47808
0.564236
0.649461
0.734737
0.821841
0.914515
1.02242
1.17977
1.60235
-1.35615
-1.04684
-0.916711
-0.828797
-0.7581
-0.697008
-0.642519
-0.593266
-0.548583
-0.508165
-0.47191
-0.43986
-0.412153
-0.388991
-0.370662
-0.357493
-0.349842
-0.348087
-0.352561
-0.363505
-0.38097
-0.404717
-0.43413
-0.468174
-0.505403
-0.544131
-0.582643
-0.619424
-0.653316
-0.683585
-0.709886
-0.732178
-0.750621
-0.765486
-0.777079
-0.785703
-0.791627
-0.795063
-0.796169
-0.795039
-0.791704
-0.786141
-0.778272
-0.767976
-0.7551
-0.739483
-0.720977
-0.699493
-0.675048
-0.647826
-0.618226
-0.586904
-0.554771
-0.522935
-0.492614
-0.464995
-0.441125
-0.421812
-0.407593
-0.398762
-0.395391
-0.397404
-0.404619
-0.416802
-0.433702
-0.455065
-0.480662
-0.510304
-0.54384
-0.581174
-0.622304
-0.667348
-0.7166
-0.770792
-0.831545
-0.902957
-0.998775
-1.2021
1.48618
1.06235
0.934792
0.84239
0.75925
0.67876
0.598492
0.51731
0.434582
0.262849
0.297496
0.326678
0.349838
0.366396
0.375723
0.377206
0.37026
0.354411
0.32937
0.295156
0.252158
0.201209
0.143603
0.0809713
0.0151702
-0.0518866
-0.118363
-0.182612
-0.243267
-0.299265
-0.349899
-0.394772
-0.43382
-0.467211
-0.495281
-0.518489
-0.537345
-0.552372
-0.564089
-0.572975
-0.579472
-0.583982
-0.586856
-0.588409
-0.588916
-0.588616
-0.587716
-0.586396
-0.584808
-0.583087
-0.58134
-0.579668
-0.578144
-0.576837
-0.575789
-0.575048
-0.574637
-0.574572
-0.574857
-0.575491
-0.576456
-0.577727
-0.579264
-0.581022
-0.582941
-0.584943
-0.586943
-0.588833
-0.590496
-0.591786
-0.592544
-0.592581
-0.591678
-0.589594
-0.58604
-0.580698
-0.573197
-0.563119
-0.549988
-0.533267
-0.51235
-0.486573
-0.455208
-0.417507
-0.372758
-0.320409
-0.260257
-0.192728
-0.119187
-0.0420846
0.0351969
0.108862
0.175468
0.232527
0.27866
0.313499
0.337351
0.350897
0.354996
0.350523
0.338318
0.319144
0.29368
0.262536
0.226243
0.106088
0.1274
0.149638
0.172448
0.195508
0.21849
0.241053
0.262813
0.283335
0.302089
0.318411
0.331441
0.340038
0.34263
0.336974
0.319852
0.2866
0.230763
0.144733
0.0237892
-0.124582
-0.275844
-0.403738
-0.498109
-0.56249
-0.604422
-0.63059
-0.645868
-0.653608
-0.656111
-0.65497
-0.651308
-0.645932
-0.639437
-0.632271
-0.624769
-0.6172
-0.609764
-0.602624
-0.595914
-0.589732
-0.58417
-0.57929
-0.575146
-0.571782
-0.569231
-0.567516
-0.566654
-0.566656
-0.567521
-0.569247
-0.571819
-0.575224
-0.57943
-0.584402
-0.590094
-0.596449
-0.603395
-0.610839
-0.61867
-0.626751
-0.634902
-0.642905
-0.650471
-0.657228
-0.662684
-0.666179
-0.666797
-0.663269
-0.653758
-0.635591
-0.604836
-0.5558
-0.480936
-0.372871
-0.231761
-0.075386
0.0664132
0.174424
0.247473
0.292722
0.317856
0.328736
0.329455
0.322804
0.310716
0.294556
0.275322
0.253763
0.230461
0.205891
0.180451
0.154498
0.128366
0.102399
0.0769568
-0.0159239
0.00548917
0.031801
0.0615662
0.093672
0.127239
0.161548
0.195985
0.229993
0.263032
0.294528
0.323827
0.350118
0.372322
0.388885
0.397458
0.394247
0.372793
0.321654
0.221203
0.0469011
-0.192343
-0.415438
-0.564141
-0.649265
-0.695313
-0.718592
-0.728331
-0.729765
-0.725993
-0.718933
-0.709829
-0.699516
-0.688574
-0.677424
-0.666367
-0.655635
-0.645398
-0.635794
-0.626928
-0.618885
-0.611728
-0.605511
-0.600274
-0.596051
-0.592865
-0.590735
-0.589676
-0.589687
-0.590775
-0.592936
-0.59616
-0.600432
-0.605729
-0.612025
-0.619284
-0.627458
-0.636488
-0.646303
-0.656806
-0.66788
-0.679373
-0.691082
-0.702748
-0.714011
-0.724383
-0.733165
-0.739339
-0.741356
-0.736774
-0.721542
-0.688633
-0.625472
-0.51071
-0.320583
-0.0753646
0.136581
0.269296
0.340063
0.372893
0.382865
0.378444
0.364482
0.343892
0.318541
0.289686
0.258241
0.224907
0.190276
0.154876
0.11924
0.0839188
0.0495539
0.0169045
-0.0130729
-0.0391459
-0.118103
-0.0924956
-0.060396
-0.0240545
0.0149886
0.0556279
0.0970488
0.13861
0.179779
0.220078
0.259038
0.296156
0.33083
0.362287
0.389422
0.410565
0.422979
0.421815
0.397687
0.330917
0.180118
-0.104161
-0.429242
-0.63247
-0.731152
-0.776569
-0.795333
-0.799865
-0.796342
-0.788108
-0.77711
-0.764544
-0.751191
-0.737583
-0.724082
-0.710959
-0.698404
-0.686573
-0.675574
-0.665493
-0.656399
-0.64835
-0.641384
-0.635536
-0.63083
-0.627289
-0.624924
-0.623747
-0.623763
-0.624971
-0.627369
-0.63095
-0.6357
-0.641604
-0.648637
-0.656771
-0.665966
-0.676176
-0.687336
-0.699371
-0.712177
-0.725625
-0.739541
-0.753694
-0.767763
-0.781298
-0.793642
-0.803797
-0.810192
-0.810181
-0.799033
-0.767546
-0.696351
-0.544372
-0.260401
0.0665859
0.269419
0.363538
0.401205
0.409591
0.401318
0.382685
0.357113
0.326626
0.29251
0.255651
0.2167
0.17619
0.134587
0.0923524
0.0499793
0.00803765
-0.0327526
-0.0714564
-0.106772
-0.136833
-0.208836
-0.177932
-0.140246
-0.0983977
-0.0540669
-0.00837379
0.0378855
0.084118
0.12985
0.174671
0.218196
0.260028
0.2997
0.336622
0.369969
0.398492
0.420151
0.4313
0.424701
0.384135
0.268293
-0.017481
-0.444307
-0.703665
-0.810461
-0.852664
-0.866506
-0.866411
-0.858881
-0.847247
-0.833363
-0.818326
-0.802851
-0.787399
-0.772303
-0.757782
-0.744013
-0.731117
-0.719191
-0.708307
-0.698521
-0.689883
-0.682424
-0.676172
-0.671151
-0.667374
-0.664855
-0.663601
-0.663616
-0.664901
-0.667452
-0.671264
-0.676328
-0.682626
-0.690144
-0.698853
-0.708722
-0.719709
-0.731766
-0.744823
-0.758795
-0.773569
-0.788998
-0.804876
-0.820922
-0.836731
-0.851708
-0.864925
-0.874877
-0.878929
-0.872109
-0.843913
-0.769099
-0.58185
-0.192751
0.174788
0.340293
0.4013
0.417269
0.410997
0.392114
0.365269
0.332969
0.296694
0.25739
0.215723
0.172191
0.127204
0.0811478
0.0344126
-0.0125692
-0.059263
-0.104973
-0.148741
-0.189159
-0.224066
-0.292934
-0.25656
-0.213796
-0.167327
-0.118783
-0.0692191
-0.0193571
0.0302736
0.079265
0.127273
0.173981
0.219065
0.262154
0.302786
0.340321
0.373799
0.401645
0.421054
0.42643
0.404904
0.32088
0.0620111
-0.459419
-0.778302
-0.888765
-0.926178
-0.935037
-0.930768
-0.919868
-0.905474
-0.889304
-0.872354
-0.855254
-0.838416
-0.822116
-0.806557
-0.791884
-0.778201
-0.765591
-0.754117
-0.743825
-0.734754
-0.726936
-0.72039
-0.715137
-0.711189
-0.708554
-0.707244
-0.707257
-0.708596
-0.711258
-0.715239
-0.72053
-0.727118
-0.734986
-0.744116
-0.754478
-0.766039
-0.778755
-0.792569
-0.807409
-0.823176
-0.839742
-0.856932
-0.874496
-0.892082
-0.909154
-0.92487
-0.937835
-0.945546
-0.943069
-0.919293
-0.844317
-0.623129
-0.118951
0.247985
0.373201
0.40975
0.411061
0.395106
0.369227
0.336941
0.300147
0.259968
0.217139
0.172164
0.12544
0.0772994
0.0280534
-0.0219697
-0.0723933
-0.122745
-0.172393
-0.220428
-0.265479
-0.305342
-0.373292
-0.331544
-0.284166
-0.233702
-0.181642
-0.128931
-0.076197
-0.0238979
0.0276253
0.0780822
0.127213
0.174756
0.220415
0.263819
0.304466
0.341601
0.373992
0.399458
0.413632
0.406407
0.348718
0.130652
-0.472672
-0.857136
-0.967186
-0.998681
-1.00255
-0.994445
-0.98057
-0.963821
-0.945737
-0.927203
-0.908775
-0.890803
-0.873538
-0.857146
-0.841749
-0.827441
-0.814288
-0.802345
-0.791651
-0.782238
-0.774134
-0.767357
-0.76192
-0.757836
-0.755112
-0.753754
-0.753767
-0.755149
-0.757898
-0.762011
-0.767479
-0.774294
-0.782441
-0.791903
-0.802656
-0.814671
-0.827912
-0.842331
-0.857863
-0.874429
-0.891917
-0.910175
-0.928989
-0.948051
-0.966888
-0.984754
-1.00039
-1.01148
-1.01332
-0.994757
-0.922671
-0.66834
-0.0415003
0.293345
0.383228
0.401527
0.392225
0.369275
0.33831
0.302044
0.261936
0.218857
0.173382
0.125913
0.0767608
0.0261943
-0.0255327
-0.0781441
-0.131323
-0.184662
-0.237603
-0.28934
-0.338613
-0.383329
-0.451741
-0.404764
-0.353122
-0.29909
-0.243971
-0.188567
-0.133413
-0.0788868
-0.0252718
0.0271936
0.078301
0.127839
0.17557
0.221201
0.264336
0.304378
0.34037
0.370601
0.391677
0.395726
0.359744
0.187204
-0.480919
-0.940977
-1.04661
-1.07123
-1.07007
-1.05833
-1.04174
-1.02287
-1.0031
-0.98319
-0.963613
-0.944674
-0.92658
-0.909478
-0.893467
-0.878629
-0.865018
-0.85268
-0.841649
-0.831951
-0.823606
-0.816633
-0.811042
-0.806845
-0.804044
-0.802649
-0.80266
-0.804076
-0.806898
-0.811121
-0.816739
-0.823743
-0.832123
-0.841864
-0.852944
-0.865344
-0.879028
-0.893958
-0.910081
-0.927329
-0.945602
-0.964783
-0.98468
-1.00503
-1.02543
-1.04523
-1.06332
-1.07761
-1.08381
-1.07114
-1.00482
-0.717836
0.036173
0.318555
0.37885
0.382926
0.365415
0.337022
0.302078
0.262669
0.219925
0.174529
0.126925
0.0774341
0.0263025
-0.0262552
-0.0800327
-0.134808
-0.190315
-0.246216
-0.30204
-0.357094
-0.410278
-0.45972
-0.529544
-0.477427
-0.421759
-0.364443
-0.306553
-0.248747
-0.191455
-0.13498
-0.0795459
-0.0253413
0.0274674
0.078716
0.128217
0.175743
0.220985
0.263481
0.302488
0.336697
0.363502
0.376884
0.359193
0.23202
-0.478265
-1.03103
-1.12779
-1.14458
-1.13828
-1.12301
-1.10384
-1.08301
-1.06169
-1.04052
-1.0199
-1.00009
-0.981257
-0.96352
-0.946964
-0.931655
-0.917638
-0.90495
-0.893619
-0.883668
-0.875112
-0.867966
-0.862239
-0.85794
-0.855074
-0.853644
-0.853653
-0.8551
-0.857986
-0.862305
-0.868055
-0.875225
-0.883811
-0.893798
-0.905169
-0.917907
-0.931984
-0.94737
-0.964018
-0.981873
-1.00086
-1.02087
-1.04175
-1.06328
-1.08512
-1.10673
-1.12714
-1.14458
-1.1552
-1.14912
-1.0916
-0.772317
0.110197
0.329484
0.364913
0.357385
0.333142
0.300255
0.261999
0.219953
0.174988
0.127626
0.0782092
0.0269871
-0.0258496
-0.0801303
-0.135698
-0.192369
-0.249939
-0.308134
-0.366573
-0.424692
-0.481583
-0.535669
-0.607591
-0.550375
-0.49081
-0.430377
-0.3699
-0.309868
-0.250611
-0.192354
-0.135268
-0.079491
-0.0251511
0.027634
0.0787189
0.127934
0.175048
0.219714
0.261381
0.29907
0.330859
0.352318
0.350489
0.266358
-0.452733
-1.12876
-1.21145
-1.21936
-1.20772
-1.18891
-1.16721
-1.14449
-1.12169
-1.09933
-1.07774
-1.05711
-1.03758
-1.01925
-1.00219
-0.986446
-0.972052
-0.959043
-0.947435
-0.93725
-0.9285
-0.921195
-0.915343
-0.91095
-0.908022
-0.906561
-0.906568
-0.908043
-0.910986
-0.915395
-0.921264
-0.92859
-0.937364
-0.947577
-0.959217
-0.972269
-0.986711
-1.00252
-1.01965
-1.03808
-1.05772
-1.07852
-1.10032
-1.12297
-1.14619
-1.16954
-1.19225
-1.21283
-1.22806
-1.22933
-1.18404
-0.833524
0.177096
0.330234
0.344342
0.326915
0.296889
0.260103
0.218944
0.174579
0.127649
0.0785361
0.0275026
-0.0252735
-0.0796441
-0.135485
-0.192676
-0.251084
-0.31055
-0.370875
-0.431771
-0.492806
-0.55329
-0.612003
-0.686581
-0.624219
-0.56081
-0.49734
-0.434363
-0.372202
-0.311076
-0.251137
-0.192492
-0.135239
-0.079461
-0.0252452
0.0273154
0.0780982
0.126944
0.173611
0.217715
0.258581
0.294882
0.323584
0.335897
0.291628
-0.376464
-1.23626
-1.29829
-1.2961
-1.27879
-1.25635
-1.23212
-1.20752
-1.18326
-1.15973
-1.13719
-1.11577
-1.09557
-1.07667
-1.05912
-1.04296
-1.02821
-1.01488
-1.00301
-0.992605
-0.983668
-0.97621
-0.970239
-0.965757
-0.96277
-0.961278
-0.961283
-0.962785
-0.965783
-0.970276
-0.976261
-0.983733
-0.992688
-1.00312
-1.01501
-1.02837
-1.04316
-1.05937
-1.07698
-1.09595
-1.11624
-1.13779
-1.1605
-1.18425
-1.20883
-1.23392
-1.25893
-1.28275
-1.30287
-1.31243
-1.28346
-0.905717
0.234296
0.323593
0.319011
0.292821
0.257605
0.217291
0.17349
0.126998
0.0782544
0.0275236
-0.0250166
-0.0792409
-0.135049
-0.192356
-0.251079
-0.311131
-0.372408
-0.434776
-0.498044
-0.56193
-0.625976
-0.689365
-0.767108
-0.699477
-0.63218
-0.565679
-0.500223
-0.435966
-0.373008
-0.311421
-0.25126
-0.192572
-0.135406
-0.079803
-0.0258237
0.0264661
0.0769705
0.125546
0.171965
0.215826
0.256351
0.291767
0.316984
0.30917
-0.185208
-1.35639
-1.38914
-1.37535
-1.3519
-1.32565
-1.29879
-1.27226
-1.24653
-1.22183
-1.19832
-1.17611
-1.15525
-1.13578
-1.11775
-1.10117
-1.08606
-1.07243
-1.0603
-1.04967
-1.04054
-1.03294
-1.02685
-1.02228
-1.01923
-1.01771
-1.01771
-1.01924
-1.02229
-1.02687
-1.03297
-1.04058
-1.04972
-1.06036
-1.07251
-1.08616
-1.1013
-1.11792
-1.13599
-1.15551
-1.17644
-1.19875
-1.22237
-1.24723
-1.27321
-1.30008
-1.32748
-1.3547
-1.38011
-1.3991
-1.39159
-1.00344
0.280471
0.311515
0.290165
0.255972
0.215957
0.172335
0.12604
0.0775259
0.0270499
-0.0252342
-0.079222
-0.134844
-0.192043
-0.250773
-0.310993
-0.372653
-0.435709
-0.500093
-0.56572
-0.632467
-0.700117
-0.768311
-0.849706
-0.776595
-0.705297
-0.635693
-0.567723
-0.501341
-0.436534
-0.373291
-0.31161
-0.251489
-0.192934
-0.135954
-0.0805616
-0.0267802
0.0253614
0.0758139
0.124497
0.171269
0.215858
0.257648
0.294901
0.320011
0.169587
-1.49299
-1.48499
-1.4577
-1.42747
-1.3971
-1.36746
-1.33891
-1.31163
-1.28571
-1.26122
-1.23819
-1.21664
-1.19659
-1.17806
-1.16106
-1.14558
-1.13164
-1.11924
-1.10838
-1.09908
-1.09131
-1.0851
-1.08045
-1.07734
-1.07579
-1.07579
-1.07734
-1.08045
-1.08511
-1.09132
-1.09909
-1.1084
-1.11927
-1.13168
-1.14563
-1.16112
-1.17815
-1.19671
-1.21679
-1.23838
-1.26147
-1.28603
-1.31205
-1.33947
-1.36823
-1.39818
-1.42907
-1.46032
-1.49022
-1.51081
-1.21464
0.315254
0.295348
0.258728
0.217037
0.172438
0.125627
0.0769045
0.0264104
-0.0257689
-0.0795875
-0.135012
-0.192025
-0.250613
-0.310768
-0.372486
-0.435767
-0.500618
-0.56705
-0.635083
-0.704754
-0.776135
-0.849353
-0.93494
-0.856026
-0.780529
-0.707685
-0.637089
-0.568504
-0.501784
-0.436833
-0.373584
-0.311988
-0.25201
-0.193616
-0.136784
-0.0814829
-0.0276793
0.0246682
0.0756243
0.125297
0.173892
0.221867
0.270484
0.325006
0.47246
-1.65097
-1.58709
-1.54384
-1.50596
-1.47105
-1.43839
-1.40766
-1.37872
-1.35151
-1.32596
-1.30206
-1.27979
-1.25913
-1.24008
-1.22262
-1.20676
-1.19249
-1.17981
-1.16872
-1.15921
-1.15129
-1.14496
-1.1402
-1.13704
-1.13545
-1.13545
-1.13703
-1.1402
-1.14494
-1.15128
-1.1592
-1.1687
-1.1798
-1.19248
-1.20675
-1.22262
-1.24008
-1.25914
-1.27981
-1.3021
-1.32603
-1.35159
-1.37885
-1.40783
-1.43861
-1.47134
-1.5063
-1.54415
-1.58686
-1.64413
1.47969
0.339004
0.276108
0.225398
0.176539
0.127466
0.0775025
0.0263508
-0.026131
-0.0800353
-0.135412
-0.192302
-0.250739
-0.310752
-0.372371
-0.435635
-0.500591
-0.567304
-0.635865
-0.706408
-0.779151
-0.854463
-0.933015
-1.02341
-0.938268
-0.85827
-0.781964
-0.708575
-0.637647
-0.568897
-0.502136
-0.437227
-0.374076
-0.312598
-0.252722
-0.194377
-0.137489
-0.0819571
-0.0276507
0.0256424
0.0782693
0.130895
0.184972
0.244411
0.324749
0.605154
-1.83518
-1.69709
-1.63469
-1.58798
-1.54794
-1.51189
-1.47874
-1.44799
-1.41935
-1.39266
-1.36781
-1.34475
-1.32343
-1.30381
-1.28587
-1.2696
-1.25497
-1.24199
-1.23064
-1.22092
-1.21283
-1.20636
-1.2015
-1.19826
-1.19664
-1.19664
-1.19825
-1.20148
-1.20632
-1.21279
-1.22087
-1.23058
-1.24192
-1.2549
-1.26952
-1.28578
-1.30372
-1.32333
-1.34464
-1.3677
-1.39252
-1.41919
-1.4478
-1.47849
-1.51153
-1.54738
-1.58695
-1.63243
-1.69048
-1.79534
1.06483
0.352387
0.254513
0.19077
0.134945
0.0814249
0.0282689
-0.0253593
-0.0798934
-0.135583
-0.192587
-0.25101
-0.31094
-0.372452
-0.435619
-0.500521
-0.567254
-0.635945
-0.706772
-0.779997
-0.856036
-0.935571
-1.01987
-1.11583
-1.02389
-0.938985
-0.858903
-0.782467
-0.70899
-0.638029
-0.569302
-0.502597
-0.437759
-0.374662
-0.313186
-0.253221
-0.194634
-0.137262
-0.0808785
-0.0251332
0.0305607
0.0873086
0.147474
0.217261
0.319678
0.644778
1.91813
-1.81723
-1.7315
-1.67433
-1.62833
-1.58838
-1.55248
-1.51967
-1.48942
-1.46144
-1.43555
-1.41161
-1.38954
-1.36929
-1.35081
-1.33408
-1.31906
-1.30574
-1.29411
-1.28416
-1.27587
-1.26925
-1.26428
-1.26097
-1.25931
-1.2593
-1.26095
-1.26424
-1.26919
-1.2758
-1.28407
-1.29401
-1.30562
-1.31892
-1.33392
-1.35064
-1.36909
-1.38932
-1.41135
-1.43525
-1.4611
-1.489
-1.51914
-1.55179
-1.5874
-1.62683
-1.67178
-1.72633
-1.80313
-1.96844
0.936533
0.356309
0.231197
0.155371
0.092719
0.0346976
-0.0217407
-0.0779546
-0.134652
-0.19224
-0.250977
-0.311044
-0.372585
-0.435716
-0.500557
-0.567235
-0.6359
-0.706747
-0.780053
-0.85621
-0.935851
-1.02003
-1.11064
-1.21311
-1.11366
-1.02329
-0.938987
-0.859152
-0.782822
-0.709398
-0.638477
-0.569773
-0.503062
-0.438166
-0.374922
-0.313169
-0.25272
-0.193339
-0.134709
-0.0763351
-0.0173994
0.0436236
0.109909
0.189532
0.31011
0.640663
1.68448
-1.95055
-1.83608
-1.76619
-1.71303
-1.66847
-1.62934
-1.59412
-1.56201
-1.53254
-1.50542
-1.48047
-1.45755
-1.43657
-1.41748
-1.40022
-1.38475
-1.37105
-1.35909
-1.34887
-1.34037
-1.33357
-1.32848
-1.32508
-1.32337
-1.32336
-1.32504
-1.32842
-1.33349
-1.34026
-1.34874
-1.35894
-1.37087
-1.38454
-1.39998
-1.4172
-1.43626
-1.45719
-1.48005
-1.50493
-1.53195
-1.56129
-1.59321
-1.62814
-1.66679
-1.71048
-1.7619
-1.82752
-1.92764
1.79979
0.843644
0.35165
0.206583
0.119725
0.050352
-0.012272
-0.0721483
-0.131118
-0.190142
-0.249791
-0.310427
-0.372305
-0.43562
-0.500547
-0.567252
-0.635908
-0.706728
-0.779988
-0.856063
-0.935509
-1.01919
-1.10855
-1.20621
-1.31644
-1.20857
-1.11199
-1.02287
-0.939141
-0.859544
-0.783292
-0.709861
-0.63886
-0.57001
-0.503069
-0.437816
-0.374038
-0.311491
-0.249868
-0.188751
-0.127504
-0.0650796
0.000418732
0.0728784
0.161708
0.296286
0.613377
1.44619
1.86444
-1.95111
-1.86532
-1.80329
-1.75308
-1.71
-1.67187
-1.63751
-1.60625
-1.57768
-1.55152
-1.52759
-1.50575
-1.48593
-1.46804
-1.45204
-1.43788
-1.42554
-1.41501
-1.40624
-1.39924
-1.394
-1.3905
-1.38874
-1.38873
-1.39045
-1.39392
-1.39913
-1.4061
-1.41482
-1.42533
-1.43763
-1.45174
-1.46769
-1.48553
-1.5053
-1.52706
-1.55091
-1.57696
-1.60539
-1.63645
-1.67052
-1.70823
-1.75059
-1.79955
-1.85902
-1.9386
1.89741
1.58117
0.760191
0.339265
0.181094
0.0843978
0.00841258
-0.0589567
-0.122488
-0.18444
-0.246024
-0.307966
-0.370732
-0.434652
-0.499983
-0.56696
-0.635791
-0.706715
-0.780011
-0.856043
-0.935307
-1.01853
-1.10685
-1.20214
-1.30777
-1.42744
-1.31002
-1.20626
-1.11151
-1.02319
-0.939732
-0.860138
-0.783736
-0.71003
-0.638655
-0.569303
-0.501695
-0.43556
-0.370588
-0.306394
-0.242459
-0.17801
-0.111784
-0.0415584
0.0370881
0.134267
0.278399
0.572033
1.22162
1.69194
1.88473
-1.97456
-1.90111
-1.84365
-1.79557
-1.75376
-1.71658
-1.68309
-1.6527
-1.62504
-1.59986
-1.57696
-1.55624
-1.53758
-1.52092
-1.50621
-1.49341
-1.48248
-1.4734
-1.46615
-1.46072
-1.4571
-1.45528
-1.45525
-1.45703
-1.46061
-1.466
-1.4732
-1.48223
-1.49311
-1.50586
-1.52051
-1.53711
-1.5557
-1.57634
-1.59914
-1.62421
-1.65172
-1.6819
-1.71512
-1.75191
-1.79313
-1.84023
-1.89595
-1.9659
1.90187
1.73543
1.3517
0.679459
0.31993
0.155098
0.0500176
-0.0323749
-0.104657
-0.172117
-0.237367
-0.301829
-0.366385
-0.431603
-0.497896
-0.565591
-0.634968
-0.706309
-0.779917
-0.856145
-0.935463
-1.01851
-1.1062
-1.19998
-1.3022
-1.41699
-1.5484
-1.42012
-1.30788
-1.20636
-1.11247
-1.0243
-0.94061
-0.860561
-0.783539
-0.709076
-0.636785
-0.566324
-0.497348
-0.429476
-0.362249
-0.295043
-0.22695
-0.15653
-0.0813086
0.00341768
0.107719
0.256628
0.521169
1.02025
1.49328
1.73382
1.86674
1.95554
-1.94276
-1.88798
-1.84127
-1.80037
-1.76393
-1.73117
-1.70156
-1.67474
-1.65047
-1.62857
-1.60892
-1.59142
-1.57599
-1.56258
-1.55115
-1.54166
-1.53409
-1.52842
-1.52464
-1.52274
-1.52271
-1.52456
-1.52828
-1.53389
-1.54139
-1.55082
-1.56218
-1.57552
-1.59087
-1.60829
-1.62785
-1.64963
-1.67377
-1.70044
-1.72985
-1.76235
-1.79843
-1.83882
-1.88473
-1.93823
1.96239
1.87822
1.75616
1.54528
1.12657
0.599016
0.294321
0.128902
0.0173508
-0.0710769
-0.148412
-0.220137
-0.289082
-0.35686
-0.424479
-0.492613
-0.561758
-0.632307
-0.704613
-0.779026
-0.855922
-0.935756
-1.01911
-1.10679
-1.19995
-1.30036
-1.41084
-1.53623
-1.68253
-1.54202
-1.41967
-1.30979
-1.2089
-1.11474
-1.02582
-0.941096
-0.859821
-0.781408
-0.705378
-0.631301
-0.558757
-0.487294
-0.416364
-0.345251
-0.272935
-0.19785
-0.117411
-0.0269684
0.0826143
0.231148
0.463233
0.841968
1.26852
1.55151
1.71886
1.82915
1.91026
1.97463
-1.93721
-1.89102
-1.85044
-1.81435
-1.78201
-1.75292
-1.72674
-1.70323
-1.68221
-1.66354
-1.64713
-1.6329
-1.62078
-1.61074
-1.60273
-1.59674
-1.59274
-1.59072
-1.59068
-1.59262
-1.59654
-1.60245
-1.61037
-1.62033
-1.63236
-1.6465
-1.66281
-1.68136
-1.70226
-1.72562
-1.75163
-1.78052
-1.8126
-1.84836
-1.88848
-1.93401
1.97885
1.91613
1.83797
1.73349
1.57875
1.32214
0.917553
0.517697
0.263033
0.102873
-0.0126534
-0.106396
-0.188821
-0.265172
-0.33833
-0.410016
-0.481339
-0.553065
-0.625768
-0.699924
-0.775958
-0.854299
-0.935423
-1.01989
-1.10844
-1.20205
-1.30214
-1.41081
-1.53132
-1.66894
-1.83432
-1.68073
-1.54634
-1.42593
-1.3159
-1.21376
-1.11778
-1.02673
-0.939675
-0.855907
-0.774829
-0.695918
-0.618666
-0.542539
-0.466911
-0.390992
-0.313703
-0.233455
-0.147769
-0.052519
0.0596017
0.202156
0.399657
0.682253
1.02664
1.32477
1.5311
1.67183
1.77409
1.85335
1.9179
1.97232
-1.94619
-1.90496
-1.86843
-1.83588
-1.80681
-1.78087
-1.75778
-1.73737
-1.71948
-1.70401
-1.69087
-1.68
-1.67134
-1.66486
-1.66054
-1.65835
-1.6583
-1.66037
-1.66458
-1.67094
-1.67949
-1.69024
-1.70326
-1.7186
-1.73635
-1.75661
-1.77953
-1.80529
-1.83415
-1.86644
-1.90265
-1.94346
1.97561
1.922
1.85868
1.78142
1.68263
1.54829
1.35348
1.07019
0.728685
0.434861
0.226624
0.0773523
-0.0387613
-0.136466
-0.223724
-0.305015
-0.383018
-0.459424
-0.535386
-0.611734
-0.68911
-0.768071
-0.849124
-0.932797
-1.01968
-1.11046
-1.20604
-1.30763
-1.41687
-1.53615
-1.66889
-1.82009
